195 32
173 65
132 153
93 108
125 121
56 3
97 69
156 122
145 191
65 168
120 14
14 48
178 117
X
6 153
110 158
168 60
90 189
119 193
124 179
124 180
49 16
140 45
X
85 73
52 40
147 38
120 140
X
128 179
24 120
94 79
162 190
192 11
27 168
70 194
181 5
195 5
167 88
120 13
4 137
16 73
190 35
137 98
18 74
161 31
81 32
89 193
4 72
74 136
90 145
77 98
163 172
34 49
149 75
79 122
121 185
186 171
193 130
178 35
124 99
42 123
119 50
187 169
42 17
28 28
125 145
189 77
53 188
134 138
75 134
134 101
11 2
56 79
137 89
30 105
55 174
25 51
136 112
38 124
138 94
126 31
105 144
55 33
81 89
87 194
44 62
97 111
27 98
119 25
127 171
X
140 184
116 49
58 59
61 144
113 98
16 53
35 110
86 142
76 47
16 156
55 52
171 11
41 164
64 71
125 100
162 86
42 65
X
21 62
168 46
23 151
52 119
X
124 84
X
193 90
27 51
192 178
152 18
13 132
97 82
189 21
56 166
53 192
152 184
7 171
167 181
88 112
107 162
188 143
110 160
42 160
125 122
X
92 137
156 180
122 110
25 169
88 110
3 25
X
38 50
X
158 19
160 15
152 39
19 167
163 174
148 52
79 36
147 134
191 90
192 31
54 14
106 14
86 9
147 150
111 100
16 108
54 5
40 74
125 10
68 191
24 17
190 73
112 120
39 171
127 50
193 22
33 105
39 36
116 177
23 5
116 68
125 129
27 138
133 149
7 60
6 98
107 71
141 93
65 16
167 194
53 44
151 41
X
82 49
115 48
106 162
185 138
12 147
98 32
188 137
42 181
170 183
28 15
19 62
148 75
79 119
164 2
130 192
54 108
81 141
13 139
172 107
155 180
69 71
192 180
24 21
X
161 106
44 162
110 178
132 56
104 173
91 89
129 23
154 104
74 159
48 106
170 179
133 140
75 98
120 163
179 82
71 56
170 91
56 114
144 182
87 18
108 84
158 110
143 189
12 102
51 27
174 28
23 191
117 41
53 181
165 60
41 193
24 28
75 175
187 90
56 20
161 83
14 27
148 102
11 13
147 161
154 91
124 89
164 160
176 80
111 73
149 65
151 43
106 123
31 5
137 104
78 60
179 106
52 90
165 179
91 4
25 41
105 101
72 59
23 166
141 119
X
140 11
73 188
162 121
137 96
81 4
191 129
8 12
13 191
146 166
79 161
X
75 135
195 130
160 137
160 49
36 107
153 84
86 168
1 95
160 190
101 92
103 153
3 41
77 39
X
43 119
64 177
8 16
167 91
165 90
154 102
186 100
29 189
16 27
79 127
79 159
24 141
141 176
123 170
56 152
193 176
152 133
178 168
105 99
51 84
X
54 55
168 48
61 176
105 127
55 15
105 191
38 37
181 117
162 38
75 121
138 112
32 186
176 154
188 172
192 130
37 87
9 150
123 74
30 29
151 178
66 2
148 54
113 100
4 91
17 179
145 22
43 82
160 10
96 85
173 20
82 50
185 136
78 36
147 102
42 121
130 2
24 129
159 36
107 84
125 71
38 91
69 168
183 192
13 131
47 2
131 114
56 135
10 52
31 87
X
39 44
50 27
54 115
110 101
165 77
93 112
179 39
156 63
171 189
70 164
117 10
10 142
7 52
90 101
62 59
138 119
25 136
159 52
123 161
41 46
126 182
60 158
27 129
28 46
12 104
14 93
25 129
125 39
189 143
32 160
X
54 187
166 6
88 4
54 125
146 121
64 159
155 10
152 92
35 49
77 16
170 90
73 185
4 165
193 175
93 118
191 18
45 123
118 85
99 176
141 89
X
141 122
130 24
55 24
124 170
X
146 21
11 76
109 169
X
123 174
71 102
112 33
69 93
122 78
123 110
191 174
165 116
112 112
71 93
164 5
70 56
191 88
44 98
109 84
72 185
82 141
23 33
31 56
30 33
184 137
17 180
93 23
64 5
24 127
35 32
48 166
74 157
157 9
5 154
160 21
103 149
86 7
89 147
74 134
148 166
114 175
23 194
163 109
63 31
34 74
13 55
64 180
58 139
86 121
95 158
36 109
4 93
136 109
42 10
175 7
41 142
88 167
179 119
149 92
32 51
152 31
162 195
166 171
65 117
1 43
66 77
94 67
77 55
26 78
25 125
136 75
60 83
83 74
182 138
161 94
50 18
84 68
173 6
121 194
183 102
43 3
X
4 21
122 129
91 180
192 115
24 165
157 146
106 142
25 45
179 80
27 116
172 33
121 104
154 71
56 164
17 174
111 31
187 160
173 26
56 155
172 10
159 155
66 102
65 11
80 125
43 124
142 105
153 170
89 101
47 119
24 27
40 36
175 8
168 28
12 152
181 184
40 142
141 55
32 49
56 32
166 172
55 70
123 113
125 67
34 109
169 19
69 89
129 67
159 76
86 192
181 196
190 78
11 154
177 170
170 48
10 30
12 90
176 155
160 62
144 29
158 50
61 130
27 171
88 8
48 168
X
122 15
X
112 190
135 70
10 112
69 131
63 192
78 151
117 91
171 72
84 94
31 192
184 38
153 93
66 16
88 29
150 9
127 9
85 71
189 80
129 26
51 137
160 55
135 173
166 101
98 167
21 83
162 42
147 40
93 67
10 89
133 58
74 139
X
20 190
140 70
94 69
47 51
54 147
75 65
128 71
135 120
99 113
39 116
188 66
26 79
41 77
72 146
9 166
X
127 111
98 174
43 166
6 13
4 73
163 93
109 19
56 134
130 188
83 3
78 105
193 180
65 50
54 179
34 51
94 89
119 26
49 87
119 163
59 160
73 192
90 192
85 155
111 179
142 150
8 153
140 173
102 72
84 136
31 51
112 31
78 100
51 24
176 81
X
169 181
124 70
87 145
53 176
130 27
101 27
23 16
9 154
54 110
173 61
155 53
117 8
114 86
122 145
X
169 197
11 9
83 162
56 165
43 158
90 52
159 94
71 3
43 46
119 108
121 15
147 166
73 166
34 145
189 22
53 150
15 133
123 176
3 133
191 37
93 109
172 18
38 185
154 145
103 99
109 88
128 24
86 72
100 147
110 77
114 178
188 90
177 139
127 84
84 142
128 45
24 46
111 132
171 20
182 38
167 177
94 42
148 168
17 9
28 127
67 132
11 128
160 20
187 20
X
94 81
65 120
X
40 166
22 104
55 17
61 177
110 179
192 181
160 12
127 174
106 77
5 119
110 73
10 50
117 42
26 165
141 82
56 192
140 96
100 195
73 148
112 35
187 21
188 106
92 138
100 166
105 159
32 123
40 128
160 52
142 83
86 93
71 89
104 182
X
14 76
174 32
34 125
173 31
52 171
137 156
61 11
195 57
X
72 152
192 13
95 30
77 122
13 52
164 154
78 122
3 173
59 3
91 107
30 28
148 181
110 161
26 141
135 20
182 124
X
138 45
23 141
102 98
106 38
99 157
132 159
78 58
70 40
129 188
68 57
48 104
15 189
177 144
114 89
94 133
74 65
X
193 97
177 58
170 123
8 149
89 149
34 65
130 180
176 134
36 146
97 113
100 172
5 101
32 193
50 195
91 133
64 192
93 129
181 27
169 142
75 80
190 77
184 190
77 151
104 91
59 158
15 42
124 130
173 18
45 39
92 52
X
176 16
41 95
28 174
107 69
112 118
86 27
168 120
148 164
42 120
112 36
27 87
46 123
104 31
179 16
161 21
43 133
192 159
114 24
23 195
69 106
118 92
105 49
38 175
147 93
68 59
30 5
20 187
177 142
84 73
75 122
31 95
165 197
143 36
86 196
16 154
147 130
76 33
117 80
68 37
101 60
52 69
27 170
132 110
28 98
4 131
137 72
49 84
110 177
178 133
98 31
16 119
30 26
98 156
74 63
121 39
X
103 176
68 116
192 156
145 65
54 170
X
77 15
X
9 88
143 58
109 118
1 24
92 107
98 68
X
21 100
189 100
122 25
33 125
24 119
188 41
60 88
26 12
49 150
121 149
151 182
112 98
71 135
88 97
68 175
48 47
9 100
93 138
127 87
172 26
33 161
101 62
79 177
72 135
121 9
150 21
119 37
64 74
X
X
24 47
125 60
123 160
92 40
X
159 10
101 149
175 133
81 54
28 148
50 77
94 30
38 192
30 190
162 15
70 46
65 19
185 74
82 46
107 72
177 140
48 5
72 66
99 88
69 86
70 125
187 138
113 27
194 180
X
148 64
178 109
13 15
172 176
176 117
148 145
24 18
117 144
137 15
29 47
49 194
113 8
140 180
93 194
171 33
137 150
95 85
152 169
120 130
75 150
54 163
4 130
83 46
91 22
74 1
124 56
31 107
X
183 196
41 36
5 192
105 34
145 18
51 140
127 10
96 159
53 54
135 176
71 75
48 156
45 105
53 173
139 103
189 106
74 150
X
123 133
32 56
182 177
23 68
99 109
94 62
134 192
63 47
62 6
61 162
145 134
7 73
143 29
104 179
75 161
73 190
69 194
107 190
161 38
183 186
169 110
123 173
14 129
115 6
56 87
153 90
73 86
X
143 41
179 48
13 133
52 150
X
X
195 142
42 41
104 112
158 120
56 151
150 171
196 60
141 56
168 102
151 136
164 173
151 30
152 55
90 8
56 58
5 117
14 118
130 189
142 90
86 10
171 48
14 89
76 45
158 13
6 12
70 128
118 163
103 28
39 62
87 84
114 80
78 83
33 103
83 45
71 136
169 101
44 77
135 10
X
34 110
121 126
7 75
66 168
78 108
38 51
169 192
159 60
31 54
169 196
93 69
183 123
188 120
127 52
8 52
110 14
103 163
159 110
161 86
181 123
150 31
171 21
67 180
154 136
76 34
195 145
26 120
70 106
177 28
140 12
X
7 26
103 123
92 197
183 104
15 48
175 139
14 142
17 77
155 70
136 77
176 18
56 195
X
157 145
87 167
56 190
39 18
189 142
8 30
90 41
102 92
57 181
158 62
15 190
165 181
147 171
11 92
X
69 102
89 2
104 97
15 72
87 57
149 169
51 30
X
180 124
87 97
149 29
173 21
128 89
107 119
178 154
X
182 91
66 177
87 99
138 122
92 69
18 179
49 106
69 16
187 158
192 9
158 20
110 17
13 181
X
18 176
10 87
171 41
140 164
76 88
97 12
75 174
105 56
141 75
117 7
153 54
X
144 33
187 136
63 95
18 134
67 133
91 193
138 108
93 89
109 167
163 118
193 186
141 40
137 152
29 188
191 165
110 130
160 174
41 166
180 30
181 177
126 71
138 92
21 24
121 109
91 121
6 174
24 191
X
1 91
191 118
13 27
96 32
6 25
170 74
137 146
190 120
141 150
30 194
40 27
26 83
129 153
52 144
30 32
126 13
152 91
163 169
74 128
55 40
74 86
163 96
176 158
25 149
134 188
5 141
25 151
193 96
10 47
45 110
188 152
70 91
15 27
169 29
21 150
75 7
117 24
99 149
X
10 153
37 137
11 139
162 106
46 85
79 158
130 67
124 86
188 118
55 23
4 192
X
132 126
143 148
167 183
152 90
31 66
34 136
30 108
102 6
37 88
146 122
42 128
130 179
83 2
146 114
60 87
140 183
51 41
7 58
12 141
157 69
164 172
177 76
95 159
132 163
161 170
65 77
53 5
90 112
28 74
125 147
87 27
118 194
52 80
186 141
164 169
109 123
51 174
57 21
93 119
159 21
69 60
165 180
86 113
62 58
X
92 112
70 75
82 90
70 57
67 72
10 128
183 155
41 192
160 191
179 17
131 188
124 46
192 22
145 195
89 7
44 74
87 68
43 98
160 61
75 165
122 31
4 146
121 40
90 180
76 89
192 18
33 186
166 154
44 123
12 176
44 115
197 181
161 75
21 67
23 40
162 174
168 39
106 179
197 57
174 155
82 44
184 155
127 27
16 174
19 6
23 9
77 13
179 109
149 88
69 72
78 150
89 120
86 114
61 14
124 78
169 194
137 174
127 109
X
62 8
49 188
120 195
65 121
145 40
3 185
99 108
12 133
87 189
140 91
102 107
54 20
132 161
188 35
22 83
36 148
136 16
118 105
25 65
103 92
180 195
123 121
151 21
25 127
126 125
6 71
122 124
55 114
160 57
4 121
51 43
186 88
69 75
3 163
170 110
26 118
134 71
6 104
44 182
195 3
100 165
43 70
93 91
37 73
157 195
71 138
X
51 120
126 121
169 188
48 2
23 192
161 117
190 156
131 153
17 56
X
54 139
98 33
80 16
159 103
110 138
107 124
93 183
165 158
16 68
173 28
X
165 117
166 167
11 11
152 19
37 135
85 162
111 130
18 5
141 161
40 87
122 132
157 53
101 154
82 88
74 91
123 104
13 76
18 189
98 30
2 93
10 14
X
173 194
50 78
91 3
122 76
82 4
24 183
182 109
190 119
X
90 193
48 108
190 47
130 3
X
67 134
142 180
44 133
41 162
141 121
13 178
179 59
159 139
121 75
12 103
180 119
84 101
13 45
26 47
100 164
X
29 146
73 91
27 114
187 22
122 56
181 120
169 51
77 51
137 110
56 86
83 86
187 18
28 40
150 28
194 115
4 161
126 183
3 91
46 37
78 46
32 108
160 36
148 18
159 173
151 176
103 142
X
63 50
172 50
107 39
X
71 104
88 113
28 149
X
169 106
108 38
91 2
120 67
14 57
133 115
28 72
123 90
124 91
X
158 61
6 146
26 49
179 18
X
80 73
177 78
8 154
116 89
86 29
116 53
81 90
X
15 115
180 177
97 100
166 155
172 39
12 148
16 191
69 5
18 180
54 173
31 52
156 179
118 67
8 104
145 114
129 192
64 94
134 21
103 50
131 192
73 193
X
59 89
192 30
X
30 94
27 134
138 177
124 113
80 39
139 94
165 174
13 12
77 120
53 43
X
33 29
7 71
137 22
14 119
79 60
157 144
31 28
181 92
90 197
6 183
63 8
X
112 186
40 173
188 10
124 149
107 74
49 195
132 63
139 41
193 93
73 191
133 126
187 170
13 47
192 126
89 112
51 138
99 153
28 52
95 140
14 40
193 114
160 192
140 154
83 163
61 13
137 141
52 114
14 102
164 86
79 1
69 119
193 127
66 4
61 4
124 74
56 36
93 84
81 140
92 190
6 11
113 138
33 123
165 4
159 101
25 141
88 99
181 181
182 106
104 111
38 56
133 147
51 144
X
124 85
193 115
191 58
99 111
120 133
138 42
55 136
108 31
119 186
138 22
148 114
193 29
26 169
54 136
X
125 133
73 88
27 75
76 189
99 99
23 13
10 168
104 38
172 49
29 105
21 63
9 104
107 77
76 174
45 36
118 39
183 184
25 52
19 19
194 30
194 93
75 162
148 57
89 173
107 60
188 117
24 140
143 66
145 196
78 106
18 169
99 195
152 28
5 98
142 41
110 111
64 1
X
50 75
31 55
89 158
115 51
23 193
109 187
29 108
98 173
121 80
34 27
143 43
14 179
176 91
33 55
106 75
107 58
176 138
71 36
122 130
186 68
148 6
146 148
64 143
108 110
144 183
69 8
187 104
26 114
145 130
154 95
29 32
133 40
156 156
11 142
13 190
46 68
X
64 2
192 118
78 16
51 47
176 62
61 155
177 83
148 103
14 133
52 153
41 160
137 20
91 182
X
81 45
183 35
112 134
120 41
151 164
20 153
137 13
141 146
100 14
160 74
X
7 48
X
127 120
84 105
118 69
106 19
56 137
136 76
131 41
31 106
33 162
175 11
22 139
165 6
147 117
100 152
166 153
8 112
21 27
148 105
179 29
98 92
88 10
126 86
171 76
77 145
181 72
80 77
74 33
106 48
83 136
176 19
194 32
112 101
87 56
125 84
53 118
62 97
129 162
133 161
116 143
38 127
16 92
74 31
170 178
139 174
62 188
74 30
110 162
85 27
76 150
28 170
132 131
104 36
X
123 175
167 188
22 32
132 104
43 183
120 104
111 190
85 82
78 47
29 40
137 171
147 9
75 32
71 134
180 83
110 189
138 152
X
59 155
X
X
156 10
8 71
38 67
70 48
X
130 31
121 152
29 74
102 152
127 100
13 51
73 150
109 148
11 177
120 37
16 107
177 132
X
169 46
81 46
144 123
98 52
32 94
29 190
7 88
117 9
170 146
188 40
162 36
165 86
125 170
21 6
145 197
169 49
88 109
86 101
91 189
X
50 115
X
121 144
151 169
66 14
194 90
X
127 173
14 141
106 32
138 162
64 35
108 72
97 63
143 82
168 160
157 8
X
52 127
41 157
77 59
117 39
41 196
19 186
134 98
125 47
51 54
X
122 133
44 10
77 54
152 88
128 85
102 100
157 101
112 130
194 2
69 132
146 119
132 128
98 90
55 16
3 161
20 32
28 146
142 36
190 115
64 93
77 187
71 91
90 167
94 90
34 124
175 109
185 155
43 112
2 41
98 165
60 3
58 134
177 95
189 192
107 120
150 20
65 175
76 31
33 163
40 70
191 22
120 161
157 72
195 129
70 50
147 75
180 48
88 101
136 177
160 106
9 84
X
76 92
X
75 64
103 112
192 29
154 180
21 104
74 83
155 1
25 15
124 145
182 118
168 26
30 63
53 115
71 38
161 118
51 167
190 50
14 115
33 95
113 24
38 38
6 154
28 45
78 49
78 81
23 35
155 4
9 46
169 18
159 133
54 171
36 144
90 183
193 3
96 50
24 42
68 134
18 115
45 136
72 65
160 107
64 8
87 125
158 135
120 144
147 114
39 19
160 13
119 162
137 108
28 121
51 135
16 137
142 119
76 109
103 152
7 30
108 88
72 56
45 41
139 81
191 188
14 72
56 88
125 179
61 180
88 197
99 26
35 154
34 138
140 152
107 59
89 54
2 193
X
38 39
117 27
126 99
158 130
6 22
62 180
78 38
171 139
43 127
159 157
40 172
22 141
109 121
130 62
134 100
147 20
X
166 194
81 126
152 43
11 37
53 18
7 87
16 72
148 90
192 158
56 170
64 114
163 75
12 80
X
161 84
98 50
35 20
X
155 3
172 138
122 74
15 76
97 110
8 151
188 13
55 194
98 67
13 70
170 18
24 137
167 158
87 4
130 63
38 42
172 162
86 8
97 108
13 176
127 90
195 4
152 21
174 52
47 123
37 54
129 46
16 46
138 100
38 63
161 172
107 87
175 97
48 170
20 188
121 142
88 121
192 78
53 180
27 76
11 180
183 109
49 54
184 27
175 161
90 169
136 108
27 78
87 162
158 194
112 138
57 32
81 49
175 93
133 163
129 179
11 4
194 82
169 176
143 143
100 111
33 51
54 102
41 84
138 180
166 2
155 195
128 52
119 143
87 83
15 24
5 139
3 21
159 54
9 4
32 110
92 64
170 121
X
105 98
8 62
X
155 42
16 152
39 31
108 126
143 52
25 134
177 194
155 144
183 39
115 52
179 50
173 188
184 136
67 171
38 49
180 5
37 173
176 130
93 122
66 35
147 189
46 64
193 192
51 119
30 148
195 56
110 57
63 182
74 158
33 56
144 194
85 34
160 93
91 40
10 48
27 136
89 56
28 80
92 53
31 160
X
120 158
104 99
192 52
72 190
139 105
79 39
40 62
60 163
99 147
26 42
77 188
41 40
40 86
146 150
154 37
189 14
179 62
110 142
102 91
68 35
104 33
10 132
171 123
84 98
49 8
136 72
6 77
62 175
182 92
124 23
45 67
108 121
172 178
61 181
196 32
78 127
X
160 54
144 120
134 42
38 87
193 21
147 162
162 82
139 89
100 12
162 194
130 25
183 27
42 40
76 39
143 40
116 144
34 186
73 6
17 74
162 167
120 124
75 108
71 149
63 176
99 167
128 84
1 163
193 60
38 28
51 33
6 24
158 5
120 151
133 114
13 89
X
95 67
172 53
55 32
12 2
41 31
24 124
5 58
13 46
134 74
103 48
180 122
55 139
182 2
27 45
56 168
101 111
X
131 110
57 83
183 152
131 115
28 94
53 36
91 1
176 61
100 167
128 191
52 168
X
122 11
30 91
X
42 133
183 136
67 137
65 35
X
165 177
X
98 8
51 36
124 60
127 71
18 175
91 130
121 108
66 49
158 153
136 141
160 121
76 86
150 19
72 60
135 103
34 181
134 22
X
117 95
155 9
157 68
114 93
86 141
86 105
80 58
32 103
52 86
108 73
107 13
160 60
78 180
159 31
100 5
70 8
37 147
182 93
167 100
29 119
90 103
44 76
7 154
128 37
4 151
124 10
187 172
36 77
6 139
43 164
75 1
153 171
31 110
40 116
40 76
28 139
124 109
38 40
25 150
140 14
98 53
126 84
34 64
172 163
159 13
99 24
170 89
32 163
195 186
34 19
169 47
X
X
12 154
52 164
188 18
70 70
172 30
45 44
158 49
73 56
52 76
178 81
76 32
9 102
67 138
68 102
128 188
170 133
61 58
28 150
180 76
53 6
34 189
108 122
154 135
37 171
92 120
166 102
182 181
X
159 63
160 135
X
46 83
125 59
120 120
188 154
63 162
142 123
159 33
61 15
125 124
9 103
131 109
166 183
108 55
102 60
53 113
49 5
191 170
182 50
100 148
157 49
52 163
170 26
179 154
90 196
152 165
33 52
46 41
88 158
173 142
104 142
122 12
4 39
56 182
195 113
86 193
129 90
22 28
39 192
49 27
70 19
123 86
131 65
48 165
X
173 138
145 54
151 165
12 175
16 188
30 170
67 17
183 183
68 119
74 185
188 36
162 127
168 87
77 34
X
88 27
67 163
49 43
86 120
17 121
31 147
55 21
63 3
112 147
29 110
126 1
139 104
195 119
147 164
77 150
67 33
8 114
74 160
64 190
87 34
158 127
184 28
161 33
117 70
106 76
192 2
60 155
138 75
192 182
107 121
5 25
193 48
58 138
93 136
X
191 77
192 144
127 183
30 110
111 147
X
45 106
5 182
6 52
127 88
X
7 146
98 189
35 31
49 109
74 189
153 37
53 195
139 11
5 103
88 196
143 45
48 167
106 187
45 134
163 107
109 122
46 86
41 27
41 123
146 120
187 141
113 149
103 27
142 31
26 139
150 117
181 124
138 164
142 38
183 106
X
30 103
146 78
16 67
110 59
159 174
16 106
125 12
65 48
21 155
X
81 56
36 173
101 193
96 67
191 179
140 153
3 190
4 163
128 98
37 175
125 11
124 47
93 140
158 41
39 196
68 120
156 57
10 114
103 141
4 117
96 100
105 55
153 28
28 44
36 181
64 175
77 14
54 113
67 161
141 45
124 121
8 77
121 38
54 157
129 71
19 115
107 35
52 147
53 87
188 89
148 95
91 43
128 67
75 29
168 74
57 33
15 179
156 144
174 26
155 2
93 22
168 33
188 175
156 190
7 112
121 158
123 129
87 157
25 67
42 43
112 38
10 28
17 169
129 163
106 64
72 189
182 52
32 125
102 7
42 179
36 145
9 52
140 160
148 93
70 93
33 17
37 89
107 31
25 165
27 73
191 56
5 178
35 135
26 16
89 3
20 36
73 189
161 138
144 184
16 42
84 164
60 59
190 68
22 26
79 30
76 49
134 70
159 156
35 105
87 2
90 154
76 96
X
148 143
141 195
156 153
152 37
161 8
X
49 89
96 63
40 162
68 168
X
X
104 147
76 102
71 60
184 151
16 91
70 20
98 19
182 39
85 101
134 110
51 32
175 154
172 179
50 40
27 85
39 67
67 114
110 118
140 10
2 130
181 71
105 181
159 170
149 118
49 104
115 53
126 68
145 67
145 143
167 180
55 179
126 23
55 47
2 39
178 120
67 139
55 110
100 13
193 183
164 57
159 169
25 53
111 187
148 21
139 82
192 60
49 158
45 108
16 69
X
84 20
8 150
33 30
170 176
189 157
110 58
40 29
142 184
21 8
33 53
68 179
174 29
55 42
137 140
13 193
166 134
52 135
123 91
142 42
13 25
149 89
105 164
159 106
104 174
166 60
47 10
183 103
175 94
156 68
4 164
194 80
100 7
24 139
5 123
66 106
190 18
70 44
126 24
137 9
65 177
43 44
23 84
131 58
119 140
4 118
68 136
81 125
114 164
161 137
26 40
169 20
168 61
186 105
32 194
73 152
103 106
195 118
175 78
65 103
86 194
167 29
X
112 175
152 22
63 45
38 181
146 40
135 138
31 154
2 21
105 186
52 155
X
19 169
121 13
118 192
52 170
121 143
10 113
180 91
98 7
147 143
179 104
81 1
167 197
27 74
125 176
134 168
X
178 16
92 109
29 45
148 9
4 95
170 39
5 184
176 132
162 41
114 92
39 29
189 104
113 9
177 130
57 78
122 109
121 186
80 143
169 30
97 189
78 99
71 128
76 87
87 93
170 21
22 16
102 17
X
85 19
175 102
51 21
80 29
67 172
40 170
99 110
15 188
117 6
48 7
174 156
107 17
80 127
162 120
13 53
61 179
26 193
188 76
163 115
62 35
39 65
114 85
20 124
80 56
155 101
32 152
36 55
111 140
30 186
117 184
53 23
116 80
49 153
76 37
37 56
130 183
62 95
194 89
X
96 54
118 193
102 68
24 79
143 191
15 77
84 17
62 127
86 108
53 70
104 123
28 13
168 133
53 7
20 121
64 191
55 78
28 124
64 189
120 123
106 49
197 58
103 24
44 94
30 98
48 171
125 120
24 78
112 119
55 73
37 74
187 165
35 108
104 106
26 117
41 19
50 164
55 146
96 79
X
38 43
143 54
41 74
161 195
137 12
47 48
13 36
11 10
155 72
X
4 119
158 137
X
84 95
130 154
X
X
X
135 123
110 85
129 47
176 20
61 94
82 138
118 43
34 184
195 127
127 11
38 184
31 123
54 50
30 27
57 118
116 8
171 8
20 104
56 153
141 173
88 105
X
137 154
11 89
38 29
151 28
10 140
41 116
182 104
70 165
56 83
128 36
147 148
171 12
12 181
142 102
78 147
155 85
148 144
53 29
86 111
74 99
130 70
140 13
179 58
14 117
115 27
191 89
72 194
190 79
75 160
102 69
147 191
159 8
68 182
121 74
141 72
109 171
132 155
76 46
111 34
56 106
42 86
147 170
10 165
94 91
26 168
109 113
187 65
70 36
16 178
30 75
85 141
99 5
137 144
141 147
36 139
23 26
45 137
X
84 27
178 158
161 189
43 62
X
128 50
112 132
35 153
170 135
121 41
177 60
161 133
94 190
149 94
51 150
32 5
28 134
84 102
31 97
105 61
197 180
177 32
48 169
136 24
114 179
83 48
84 86
105 26
57 62
53 47
89 109
85 57
22 147
70 120
35 155
X
52 124
174 53
16 155
120 143
181 69
94 64
58 83
14 191
146 18
3 182
83 84
41 5
160 50
X
164 115
25 191
43 181
125 97
167 6
83 83
52 151
61 188
36 169
X
161 32
41 195
X
X
120 187
143 123
47 121
156 142
4 71
118 184
183 107
160 29
146 76
52 102
194 48
74 59
55 113
111 175
104 133
133 110
66 74
182 190
66 158
137 149
52 20
171 19
111 113
132 127
96 81
28 79
171 9
159 168
119 152
142 94
149 93
126 130
182 179
51 158
48 52
154 82
127 170
53 35
81 55
X
195 128
154 101
192 14
158 10
127 67
106 13
147 184
91 112
38 53
17 47
75 3
177 102
6 141
51 28
X
68 56
53 179
135 128
136 11
26 45
57 179
157 106
63 15
135 22
29 114
36 73
99 100
125 75
132 100
89 34
194 113
29 141
157 191
126 4
149 162
102 71
51 50
138 156
192 177
78 161
16 179
41 156
16 104
49 40
79 136
108 77
77 27
39 143
175 104
165 194
40 37
X
38 128
143 146
158 123
150 180
52 88
51 18
151 134
71 37
117 167
144 197
41 62
91 158
100 92
5 151
97 98
154 143
51 154
133 159
134 132
43 40
50 51
182 94
175 163
177 96
X
126 27
168 62
149 66
112 110
10 146
8 26
91 154
145 32
X
32 26
51 136
77 45
185 75
41 88
145 52
148 55
31 7
104 59
47 49
135 177
150 160
6 50
148 53
100 150
183 190
156 5
167 86
25 181
64 31
77 46
178 62
X
124 108
121 184
105 97
166 161
169 76
25 114
54 109
27 96
56 89
138 183
42 183
104 107
123 108
44 75
12 14
179 54
X
186 138
161 120
121 145
23 183
146 118
193 194
113 140
163 106
51 35
6 137
141 10
85 68
158 121
190 51
69 171
61 5
193 117
140 156
X
4 74
110 140
159 130
49 18
123 57
189 141
153 179
120 191
114 166
158 104
138 19
21 87
45 5
9 130
35 51
X
154 84
105 189
78 146
140 181
91 131
48 158
41 155
98 193
4 174
55 173
172 31
93 181
90 43
14 139
27 119
158 101
26 191
110 188
53 194
97 79
55 3
137 155
12 107
74 163
168 53
104 108
56 67
125 113
31 6
75 102
41 97
55 75
136 167
66 114
24 115
88 190
30 87
90 146
132 170
114 91
112 32
78 51
137 75
39 142
182 3
192 35
83 88
47 47
52 173
95 64
57 22
141 90
123 26
17 8
86 158
71 106
50 79
182 90
17 67
150 95
191 126
126 179
74 188
133 164
116 47
151 170
166 91
170 182
44 70
181 90
61 192
X
69 40
X
182 30
X
137 103
193 178
50 74
171 10
188 92
133 130
99 172
139 83
56 167
135 11
165 155
145 36
171 18
177 138
20 186
82 73
166 174
157 11
146 145
60 86
98 108
184 141
129 89
23 67
106 15
51 40
113 175
33 6
115 12
141 123
32 127
66 17
72 91
33 182
191 50
111 118
7 113
19 156
134 39
59 162
4 176
36 17
42 135
144 119
179 72
54 70
143 144
175 107
43 94
44 135
134 126
11 93
124 97
106 62
20 152
81 88
36 147
161 93
131 54
193 19
6 27
179 186
81 31
63 156
147 89
68 178
38 68
125 183
82 86
97 97
X
142 103
20 33
138 95
32 170
130 181
X
21 32
177 26
42 82
140 80
91 62
190 65
165 82
84 99
1 179
11 38
177 154
45 62
11 6
130 46
77 109
63 188
187 143
175 170
49 3
61 129
51 52
11 80
178 172
7 46
12 4
58 89
131 57
170 72
149 8
40 148
74 57
30 47
41 146
71 131
54 78
160 9
74 96
X
93 197
184 195
35 152
54 100
100 91
2 192
55 7
86 56
170 138
11 69
52 77
128 4
171 46
144 54
125 58
121 43
152 41
148 146
57 192
152 137
51 141
16 177
133 105
3 179
188 151
22 135
118 90
72 166
42 63
173 146
157 134
168 121
111 170
104 37
191 160
50 84
77 119
122 60
72 150
90 173
81 3
136 70
169 191
81 29
107 182
106 124
53 163
192 12
29 115
98 147
X
169 140
189 8
171 53
165 56
X
51 55
14 131
21 152
186 102
32 19
42 36
147 57
105 161
87 146
34 123
98 100
143 145
49 86
23 165
28 147
44 46
92 139
X
183 180
24 117
57 109
123 106
158 37
7 16
76 161
94 32
176 109
183 124
68 180
148 88
126 8
87 59
39 17
123 105
31 53
61 146
103 88
187 140
152 49
143 180
108 123
178 95
92 54
178 4
50 114
142 104
186 155
69 70
171 191
71 152
125 80
13 13
191 86
96 14
120 39
180 36
179 19
24 151
45 107
73 65
19 9
4 26
13 73
23 7
X
171 122
104 47
24 68
184 139
131 62
13 179
178 170
84 75
144 191
189 128
17 76
X
22 18
151 37
41 98
167 46
67 182
179 83
41 47
169 48
133 128
140 75
127 113
118 84
183 105
105 57
130 71
113 10
6 123
19 191
151 40
13 10
108 118
66 182
32 64
83 72
156 13
24 19
45 135
125 36
103 162
164 85
124 71
97 50
172 180
41 7
91 173
135 171
141 41
62 3
62 159
141 70
63 155
161 85
164 6
149 78
88 114
184 37
98 164
52 195
86 164
X
X
103 124
139 164
84 96
81 44
75 163
X
117 93
46 66
176 141
87 35
X
134 99
26 181
155 82
125 109
171 61
138 20
151 93
74 93
22 36
150 181
121 77
148 106
93 192
X
110 55
196 95
172 29
72 93
22 138
34 18
174 164
33 153
46 69
42 96
169 38
53 102
135 113
56 78
66 6
59 163
179 184
X
55 175
110 13
X
79 46
39 70
86 104
21 84
143 95
39 16
191 172
182 25
78 98
62 143
4 120
168 135
66 20
187 139
27 12
146 105
55 144
38 66
19 60
125 77
78 37
174 8
156 155
42 5
183 179
179 28
105 180
92 41
70 190
X
168 134
115 163
34 104
75 185
133 165
97 83
192 170
59 156
152 82
51 146
3 39
59 83
124 183
94 193
130 68
27 173
120 11
41 48
74 131
29 138
88 35
52 157
152 135
27 125
160 33
36 54
126 100
189 130
147 94
33 187
7 27
103 160
112 111
53 88
64 121
X
10 110
114 84
110 157
157 193
27 172
49 44
190 195
126 97
175 103
150 17
110 31
145 64
194 56
115 175
99 17
60 85
143 31
4 162
157 70
47 53
165 115
1 25
12 69
130 159
29 150
49 6
21 26
183 142
135 121
119 48
165 169
8 120
77 12
143 44
89 57
164 159
185 151
141 92
184 194
84 19
192 143
86 124
90 42
182 186
91 108
93 80
97 19
39 147
7 165
50 151
31 155
13 136
128 154
100 133
101 108
43 156
193 188
120 131
125 76
47 54
48 164
119 57
108 111
8 72
193 86
186 136
3 172
136 89
57 106
105 51
21 102
194 50
189 160
55 101
107 19
37 138
60 62
195 143
53 187
66 12
X
186 154
135 18
70 127
138 170
91 111
172 41
119 104
59 129
150 115
41 147
31 94
150 169
43 77
26 87
67 20
112 131
120 148
36 172
13 188
194 46
148 149
112 189
176 157
14 39
156 194
85 164
59 130
87 32
88 123
X
27 84
70 17
14 69
26 184
180 81
149 67
180 154
157 120
144 143
10 51
96 69
142 14
64 15
180 156
X
170 65
178 121
159 104
104 144
8 58
128 190
71 132
128 23
103 180
28 26
179 183
17 168
92 174
91 184
173 145
32 63
114 163
93 65
87 192
175 131
4 132
34 185
33 49
X
44 36
156 8
73 161
84 28
29 116
126 113
151 137
63 159
3 137
109 13
88 170
91 25
146 165
93 131
122 86
9 132
158 4
129 65
108 157
23 21
6 140
24 87
77 56
68 139
49 14
130 153
28 114
88 189
12 38
169 58
135 75
78 48
19 151
143 96
190 102
4 152
192 10
135 126
103 127
163 78
122 125
138 89
113 139
135 100
123 107
160 63
86 170
75 133
112 122
68 117
145 68
163 155
122 151
138 109
110 176
27 123
56 118
51 51
72 88
119 28
180 35
67 131
84 140
123 162
174 76
26 194
42 77
134 104
50 44
158 107
16 89
31 26
X
13 38
64 49
108 39
33 127
109 98
42 136
42 75
36 104
167 178
69 56
162 39
36 149
42 67
84 76
59 1
33 184
169 28
181 70
191 187
5 75
139 152
167 195
135 77
139 76
134 113
187 137
112 140
151 16
57 87
123 23
174 154
66 13
178 123
88 53
38 69
12 89
193 142
75 106
41 145
165 176
151 88
154 134
20 35
X
X
165 88
136 123
120 108
143 33
5 62
74 101
98 159
49 10
157 138
5 186
149 30
157 137
15 89
X
24 12
90 1
X
7 11
187 168
127 13
X
167 60
139 74
183 177
65 118
41 183
133 192
63 177
88 149
79 157
1 93
69 36
49 28
41 17
118 51
159 127
18 135
41 29
22 5
6 62
104 89
126 28
6 58
116 10
7 119
88 120
85 157
187 159
161 134
38 196
107 15
181 101
137 101
95 13
41 4
95 51
148 104
54 24
121 193
132 129
80 36
105 39
187 154
175 82
107 70
138 18
70 18
27 53
X
167 3
120 193
62 147
29 26
173 12
67 160
37 49
155 142
104 49
22 152
137 114
8 147
93 123
128 183
178 169
12 153
78 80
152 17
190 101
28 12
X
50 157
84 138
74 87
151 167
52 167
133 42
105 25
3 139
162 19
79 4
182 183
181 190
53 137
52 18
145 20
179 102
81 86
187 88
61 182
110 132
19 18
88 104
11 40
7 98
179 71
44 82
160 133
45 104
8 73
76 185
X
52 67
45 133
73 125
43 74
177 168
6 26
82 72
125 91
174 162
157 135
31 127
134 38
104 172
166 168
162 37
96 12
8 118
162 123
84 143
164 56
60 58
66 11
179 60
15 108
175 172
188 11
X
172 47
88 54
130 23
139 72
46 67
78 27
168 91
72 162
72 127
65 75
173 197
53 15
13 128
113 101
75 86
79 74
167 87
66 72
189 165
183 143
38 62
154 142
181 96
X
104 24
22 87
194 86
104 101
8 76
119 27
23 65
52 191
120 149
48 55
141 57
169 132
19 101
102 70
141 145
109 99
34 103
46 104
68 44
42 155
103 150
83 164
17 57
149 18
104 39
45 157
147 52
129 1
88 69
6 46
59 128
38 65
110 167
95 53
101 189
23 60
5 193
187 92
160 120
64 155
85 161
175 158
87 101
89 33
X
143 184
X
14 188
104 110
151 6
188 8
106 192
77 161
114 10
146 149
53 120
10 11
80 32
4 184
138 98
143 190
X
16 55
95 99
76 1
161 15
99 130
147 188
58 135
168 40
156 191
62 60
X
46 42
67 32
94 22
14 130
76 145
51 195
132 38
161 13
139 96
147 92
110 84
157 136
84 93
102 176
145 17
4 139
50 113
49 85
123 60
66 176
172 12
X
37 51
110 122
65 102
56 163
31 109
171 51
170 134
193 189
35 17
28 27
40 15
122 158
9 2
103 147
125 52
173 141
166 4
156 121
48 163
152 164
95 100
53 154
162 154
53 4
62 61
137 177
23 15
77 29
67 159
143 83
17 27
126 51
183 31
154 103
34 33
X
151 181
132 132
177 27
89 145
87 58
162 12
3 95
144 150
23 184
165 91
106 60
119 154
131 39
111 134
56 108
98 148
194 186
34 76
127 124
115 179
17 152
149 164
44 165
122 29
126 172
87 147
128 2
20 21
104 92
180 191
172 6
134 75
20 63
169 27
106 61
181 83
133 160
53 14
64 144
142 145
90 10
36 174
109 77
28 116
76 83
137 148
83 82
64 77
125 23
71 191
181 179
108 170
71 139
X
155 194
151 39
44 43
67 34
189 120
53 86
40 115
10 6
X
122 23
68 36
31 116
109 163
90 7
186 67
11 91
96 166
X
124 110
53 191
11 151
125 74
55 35
63 171
195 115
70 16
52 14
X
167 161
88 7
135 175
180 3
17 123
46 39
5 121
39 173
29 160
188 91
134 146
85 154
56 62
158 32
42 15
100 176
159 95
119 145
17 191
134 73
187 167
81 59
189 178
X
191 21
6 30
177 143
109 35
141 120
50 171
46 106
37 181
33 96
138 93
148 59
95 139
47 50
180 52
143 188
168 159
190 14
5 59
194 31
103 111
138 77
159 38
30 73
2 132
168 52
148 171
76 162
142 106
143 64
110 32
104 32
10 111
83 81
195 126
179 27
17 133
157 5
23 182
188 78
87 20
51 22
170 51
160 18
29 163
8 75
23 86
42 119
178 157
76 105
65 31
154 72
193 2
169 60
12 76
28 168
2 131
128 180
34 26
73 60
76 146
97 107
104 158
194 79
64 96
79 54
74 166
12 85
73 194
193 50
58 61
93 121
172 110
97 30
79 3
135 24
41 194
191 194
175 160
40 165
69 74
152 51
16 71
23 61
134 105
114 28
16 70
180 192
78 14
122 121
169 139
39 39
33 195
21 147
140 162
18 116
143 150
61 93
99 8
74 27
188 67
180 92
154 90
132 192
114 167
43 66
29 106
154 93
176 79
X
33 7
88 154
51 113
141 197
175 76
85 58
133 112
174 157
95 25
192 171
38 169
171 106
24 20
168 76
45 6
118 41
36 56
71 148
193 78
124 124
151 7
106 31
136 105
145 116
4 148
121 107
101 63
31 105
123 151
55 168
85 83
11 77
99 98
180 77
158 63
84 161
17 52
180 38
91 197
103 126
X
80 49
159 49
192 189
85 32
76 28
64 73
52 70
171 192
4 153
X
14 24
66 7
105 60
53 27
68 192
44 86
X
69 4
181 2
139 102
67 169
64 7
132 169
158 139
51 163
191 115
21 34
34 20
162 124
X
160 19
189 35
53 90
141 76
102 173
64 14
10 26
167 179
129 50
6 102
34 107
64 116
92 196
69 50
179 69
74 60
179 105
177 62
143 81
4 147
110 98
126 133
X
157 104
43 50
62 62
77 105
108 171
38 194
97 52
168 56
22 101
16 48
155 13
84 71
66 36
54 195
40 112
128 35
49 168
142 143
179 185
X
64 172
167 135
175 164
141 95
174 138
109 131
110 190
133 111
118 81
55 120
187 171
179 81
178 69
157 143
105 154
40 196
62 182
157 15
149 90
52 187
50 80
170 60
X
92 189
61 143
157 57
X
191 192
149 68
16 24
57 24
186 156
91 24
153 181
68 47
140 9
145 57
57 119
54 107
194 97
15 176
65 169
173 196
66 76
116 140
29 137
176 194
169 100
36 110
18 178
128 192
129 45
131 112
20 118
29 121
55 53
167 32
74 147
66 3
51 194
40 31
150 75
167 182
18 186
130 64
139 177
59 5
9 131
102 108
147 67
134 57
23 12
41 83
178 155
113 141
132 165
26 185
63 51
37 90
126 3
38 36
101 192
152 16
83 77
176 58
126 49
194 119
2 191
132 171
65 106
125 38
89 105
38 30
71 88
157 10
173 160
188 119
97 159
66 172
38 55
33 31
127 97
174 10
104 35
13 24
152 171
42 125
162 115
74 125
87 95
116 12
143 80
139 154
138 110
131 55
127 39
128 189
138 91
155 191
31 120
168 63
74 161
28 81
19 103
28 49
51 187
189 195
X
9 112
14 128
155 14
178 72
139 14
177 123
73 93
4 77
187 156
31 115
42 50
169 146
79 29
7 110
31 124
17 122
143 55
55 182
106 55
159 194
79 180
115 47
38 31
47 120
138 70
38 112
10 154
61 147
44 161
136 171
86 68
47 55
85 56
31 149
150 90
52 79
161 168
31 8
155 196
127 23
92 176
4 190
116 178
X
107 192
3 184
180 90
6 171
87 155
83 161
38 44
25 49
34 147
84 84
67 116
141 162
66 121
X
73 151
105 64
193 174
28 125
X
122 14
98 134
172 109
187 157
29 28
62 1
136 103
167 26
195 2
186 90
141 91
41 30
146 130
25 86
55 54
129 49
57 140
158 60
95 138
34 77
79 73
194 179
144 118
179 70
170 192
106 140
X
144 106
185 143
X
5 30
178 27
139 156
129 91
50 187
68 20
186 106
81 142
183 30
86 143
102 131
109 190
24 116
X
68 72
X
188 100
102 8
189 193
45 86
119 58
71 6
73 163
35 181
130 1
185 165
X
194 183
59 161
159 154
84 74
185 77
126 89
66 116
X
52 75
95 24
100 134
41 179
166 83
179 2
143 65
147 159
194 47
X
63 169
155 43
77 121
137 121
X
139 98
104 132
122 146
120 126
92 113
136 148
104 68
55 188
87 1
X
122 28
135 139
176 146
30 163
157 133
17 44
172 160
29 94
62 145
46 38
151 31
168 75
172 38
183 153
68 181
132 168
X
114 95
84 89
3 140
154 105
165 118
12 146
168 41
139 45
52 30
150 6
192 142
64 95
97 16
148 78
122 10
110 15
X
120 184
112 187
141 175
102 134
4 94
6 130
81 77
194 144
188 12
90 182
48 50
11 149
4 43
157 192
6 184
X
12 139
X
90 54
52 27
99 154
130 50
143 119
66 181
175 168
150 76
48 10
14 193
40 169
34 56
13 11
56 75
188 157
84 72
164 4
111 99
154 92
3 183
72 64
100 88
134 23
130 65
65 1
83 68
26 53
42 74
163 116
156 124
134 24
42 116
136 127
27 95
134 190
100 193
56 85
102 147
18 191
191 87
X
194 78
63 48
102 89
167 4
159 93
75 137
143 106
101 130
70 59
182 48
65 8
51 23
39 87
146 56
13 56
169 119
148 132
168 123
75 109
164 161
87 82
31 119
150 116
35 185
129 164
176 106
X
44 166
113 11
137 95
133 150
55 77
5 174
21 36
162 192
162 191
84 21
191 193
177 109
78 109
23 42
126 170
39 15
112 113
11 36
164 82
130 182
63 116
20 9
141 71
34 194
129 159
180 190
53 104
4 76
138 121
188 160
120 69
106 17
71 72
118 195
102 106
160 169
163 108
98 107
131 111
142 54
165 76
118 144
180 50
15 192
85 30
20 5
129 183
79 179
63 129
23 14
154 86
148 131
65 115
83 49
197 182
24 181
170 33
152 56
3 186
87 30
186 66
46 84
144 188
126 48
64 51
89 155
41 91
105 192
42 44
24 134
138 105
166 85
98 111
79 75
161 29
52 136
159 153
172 192
37 144
42 70
67 46
84 29
24 121
145 59
161 174
193 146
36 175
53 175
67 35
57 73
107 88
74 29
87 7
65 71
20 166
170 28
71 8
115 167
17 125
84 137
162 93
100 16
190 118
145 150
3 194
X
56 120
138 9
122 80
9 128
94 40
194 49
6 185
169 102
178 122
122 154
15 193
146 77
8 15
86 84
76 90
88 102
161 136
98 149
13 44
195 179
161 167
187 102
35 144
69 3
X
195 97
17 156
29 7
84 104
90 184
64 72
91 23
169 135
13 135
177 81
156 62
27 42
57 89
135 140
194 118
191 79
X
137 139
16 103
103 64
X
35 147
10 4
57 79
21 28
131 159
69 2
19 8
51 171
57 77
131 42
49 15
175 130
26 119
176 97
38 147
50 150
X
126 14
37 76
97 15
189 174
175 171
146 132
19 5
92 182
12 67
180 72
83 1
76 176
128 47
139 16
188 73
42 66
190 116
189 39
193 118
12 149
92 43
71 146
7 173
138 103
136 146
44 95
14 44
141 160
106 127
74 82
71 90
67 168
139 100
57 74
145 188
189 167
107 123
145 29
68 16
155 193
169 141
193 144
111 168
31 125
16 90
76 5
127 119
49 7
174 30
X
85 163
42 124
156 49
137 173
142 33
53 124
144 59
12 151
196 183
53 30
19 125
170 106
124 45
57 139
183 178
81 33
71 73
109 147
151 168
62 31
36 103
158 33
11 84
59 4
193 126
85 137
85 35
77 83
148 134
132 156
191 78
178 39
74 3
117 186
67 105
87 72
172 146
146 106
75 83
190 168
8 13
166 169
101 61
34 144
100 173
107 189
49 166
100 18
117 89
146 52
131 156
28 136
40 124
54 36
117 40
16 175
168 65
46 2
117 53
65 36
84 88
81 34
32 187
87 164
16 116
71 103
136 71
90 109
X
18 152
22 68
106 74
71 74
147 88
53 41
173 189
50 47
121 78
89 176
172 40
75 131
124 69
182 27
52 126
78 129
106 73
18 73
162 118
122 144
193 113
X
100 131
194 95
3 130
31 190
67 177
103 68
46 108
113 6
25 195
103 143
145 30
X
145 131
12 15
158 38
13 72
99 134
6 49
62 130
174 146
5 133
33 160
189 115
104 134
178 76
81 30
29 76
X
34 192
55 181
101 28
97 81
125 51
167 33
103 182
55 119
29 187
189 68
189 172
59 87
23 18
129 156
80 14
51 147
169 74
175 169
105 153
188 170
74 100
157 60
52 55
182 101
85 99
159 124
X
96 164
42 87
151 95
55 18
121 162
175 197
72 57
100 15
78 56
55 187
13 93
147 36
59 6
174 27
74 162
109 159
90 148
54 68
9 168
165 87
X
183 154
91 118
X
55 108
57 194
190 75
52 47
165 196
141 164
172 65
138 169
191 178
141 144
93 85
145 118
119 43
71 4
130 191
51 90
86 161
22 17
176 83
168 176
34 146
180 105
179 77
53 33
175 91
24 81
42 7
57 190
16 44
63 163
98 5
77 57
160 14
194 146
185 167
75 177
188 114
22 60
129 48
1 92
167 192
167 190
34 190
193 59
160 167
66 1
182 29
180 158
24 136
118 191
101 5
77 32
105 47
80 46
8 84
164 74
165 178
82 74
10 84
178 92
103 159
98 51
108 74
138 182
121 79
55 166
139 184
19 119
4 41
49 30
141 196
166 103
158 129
66 40
26 123
41 2
180 157
168 122
X
136 131
185 89
159 78
92 175
X
183 48
125 89
190 106
107 187
72 188
193 129
55 36
9 50
6 10
128 63
109 133
125 148
154 56
137 119
156 176
191 166
63 179
190 171
190 49
122 112
68 194
176 197
64 4
192 172
112 176
183 51
87 119
X
13 88
47 3
169 144
30 74
147 118
109 132
X
74 34
94 92
25 68
160 11
176 95
104 164
143 53
176 168
172 142
9 26
87 3
163 95
67 37
7 123
20 167
96 167
43 137
144 105
52 125
X
118 140
79 2
124 87
125 57
128 97
150 77
157 3
30 150
27 127
104 72
126 131
33 152
168 188
189 126
75 66
X
161 124
94 31
134 19
108 160
143 197
143 57
175 92
38 114
27 140
86 197
14 140
179 79
7 84
45 9
38 144
45 65
127 91
193 18
157 105
106 39
41 112
18 133
81 129
7 77
180 2
137 99
144 57
180 178
49 191
132 113
147 158
49 88
53 136
151 9
85 59
57 187
164 78
15 26
183 50
188 22
117 67
124 98
192 174
112 121
126 46
X
194 178
63 1
63 145
158 39
32 89
11 166
50 88
73 162
63 180
173 143
17 53
59 85
119 151
175 6
100 151
115 24
7 85
67 16
66 75
158 155
141 14
140 89
17 72
141 16
87 105
25 66
132 130
96 19
70 126
X
147 91
175 105
171 38
22 63
X
169 178
119 191
171 183
92 93
142 29
29 139
X
17 167
42 39
135 119
7 104
56 179
52 103
52 158
148 77
83 90
48 110
193 20
147 182
189 73
95 97
121 59
141 184
97 80
131 38
74 28
103 47
10 147
170 177
36 75
95 69
40 194
160 127
97 54
33 181
142 194
165 172
156 177
99 158
88 147
111 75
158 3
86 190
5 71
101 190
116 51
188 167
27 40
5 173
106 47
53 140
55 155
75 119
5 190
95 52
9 114
124 67
183 185
12 3
111 167
8 110
51 34
154 49
158 30
32 155
68 115
120 145
75 138
X
60 61
174 160
4 133
38 115
7 14
79 121
29 41
168 181
65 46
153 86
X
53 24
178 18
67 155
92 91
108 34
78 126
138 72
54 75
133 141
122 26
53 141
123 153
89 4
62 190
93 25
162 152
46 62
104 131
160 56
26 195
93 82
143 39
139 91
130 52
24 138
143 42
112 188
54 32
63 35
13 57
166 56
51 139
22 140
X
31 49
32 87
184 142
134 20
159 40
136 132
17 7
17 137
44 113
56 7
156 105
110 18
10 46
189 19
78 107
152 183
192 5
2 194
28 43
103 164
51 80
147 95
22 34
163 94
51 127
23 167
79 27
29 136
184 191
119 184
97 84
95 23
192 90
135 174
186 104
X
89 35
25 139
177 93
49 163
157 71
170 31
141 143
190 74
191 57
169 103
49 47
152 57
90 194
91 120
164 168
130 156
31 91
126 124
180 186
44 47
157 194
185 91
46 44
152 86
25 185
49 193
172 188
157 12
23 32
126 119
103 72
142 181
94 129
176 59
121 120
49 17
195 187
197 59
128 38
100 24
68 114
76 160
44 116
167 28
175 9
51 176
142 37
11 67
178 101
164 58
76 107
148 160
122 13
43 162
32 31
64 3
65 6
172 108
69 6
158 57
127 8
26 51
88 32
73 67
42 113
51 115
113 147
169 189
171 28
6 138
173 62
87 81
196 93
188 39
179 30
85 84
44 155
79 129
126 91
96 64
70 135
27 81
188 14
150 185
178 58
88 145
117 11
84 103
135 98
92 51
54 3
181 118
75 139
72 186
190 46
X
100 149
130 161
74 80
23 17
31 174
164 170
128 91
38 182
150 161
195 116
90 177
164 118
128 3
124 13
46 43
69 170
142 45
7 174
12 179
29 148
64 163
172 106
125 123
X
100 19
86 17
X
8 98
6 133
12 105
42 48
154 144
52 120
28 129
179 76
12 150
193 195
13 26
161 127
166 178
13 90
164 171
161 42
177 72
188 88
78 174
121 187
51 14
98 88
127 122
113 26
X
118 95
69 115
151 8
148 68
44 181
86 21
44 49
84 81
138 171
3 176
45 156
111 122
41 143
118 167
57 191
34 155
85 21
53 32
15 106
83 70
12 108
108 127
105 179
55 55
52 117
136 74
51 173
179 158
101 12
106 18
56 187
56 157
118 91
29 107
87 149
104 61
130 45
92 89
27 47
114 6
23 8
89 58
55 100
128 99
191 177
138 41
166 135
38 126
137 11
44 163
50 158
93 184
159 57
1 162
109 31
39 145
145 33
21 5
94 197
50 127
86 122
171 7
12 73
195 117
55 74
61 95
44 44
178 5
66 37
X
118 83
18 188
121 124
170 143
138 111
80 13
89 154
9 11
X
63 158
128 68
21 154
34 148
155 12
20 17
161 110
X
150 16
X
119 24
58 58
35 103
30 121
X
102 175
44 37
79 12
29 120
192 145
11 79
173 190
134 77
169 107
54 118
X
142 183
73 147
129 51
54 164
154 176
192 86
44 180
20 102
21 17
14 38
111 76
36 106
180 94
67 158
103 158
57 182
150 118
107 179
137 16
191 2
21 151
191 8
158 2
123 172
2 133
151 22
176 92
110 139
89 10
X
195 60
X
142 59
96 68
158 42
179 32
153 31
177 117
18 121
121 133
123 13
32 54
132 98
107 68
24 40
29 5
13 80
175 95
169 65
25 12
182 122
190 66
59 7
171 138
62 15
31 50
180 54
168 72
76 4
168 132
50 30
173 46
79 125
195 59
177 20
154 146
X
114 12
X
191 10
31 118
54 126
105 71
158 31
126 174
56 24
124 100
158 29
3 93
60 127
44 6
148 165
122 111
40 77
133 132
33 91
133 38
74 126
180 180
109 110
154 137
101 191
169 59
134 54
191 39
112 34
168 38
91 63
126 37
39 146
150 164
31 108
78 29
133 146
79 77
120 10
52 32
90 105
107 85
173 162
X
66 31
29 6
88 70
58 62
136 73
132 99
23 24
155 192
117 162
193 46
196 97
105 182
15 57
87 197
12 36
87 158
74 32
170 119
112 39
136 18
18 123
168 119
166 104
36 185
35 77
176 170
139 173
5 149
75 178
162 130
81 27
34 63
146 36
66 73
98 91
X
69 105
88 169
3 43
60 8
44 124
125 35
30 195
30 193
173 53
108 36
188 176
91 177
18 177
29 98
142 57
69 7
173 19
127 89
90 190
156 196
155 190
148 133
159 42
81 128
189 76
109 100
99 164
126 132
X
161 30
55 104
53 127
167 27
41 50
25 42
76 81
97 62
21 86
X
19 165
81 48
83 143
X
X
32 8
141 52
66 175
45 7
71 87
69 46
94 93
91 122
95 137
193 82
132 103
169 121
9 99
173 195
118 37
76 48
6 48
72 63
110 147
142 197
177 141
31 103
111 149
162 78
51 78
32 91
141 59
169 138
43 155
25 148
186 167
22 150
144 180
60 1
5 191
105 58
57 58
18 156
103 161
98 176
185 73
193 32
193 187
99 28
192 183
42 62
63 178
145 115
115 95
129 4
138 96
126 35
32 185
59 62
100 191
178 131
137 145
113 12
75 67
160 78
121 76
173 192
154 70
52 101
150 158
71 40
148 56
102 88
56 5
X
78 145
63 147
97 156
70 6
23 185
63 130
81 58
79 32
181 121
41 10
4 123
156 72
178 124
72 139
106 182
28 41
66 179
105 68
176 143
1 23
64 76
141 180
61 189
157 1
34 143
171 145
190 104
78 119
127 85
53 182
6 51
94 192
186 172
148 162
133 148
166 88
80 129
14 53
177 172
191 48
34 149
62 163
63 160
85 105
145 19
175 134
126 50
154 94
182 35
5 26
177 196
94 189
56 6
111 98
49 155
31 33
22 137
135 72
151 171
79 138
146 117
1 22
156 61
143 195
X
67 157
7 117
147 132
189 12
109 157
137 102
140 83
170 87
6 23
48 154
157 153
5 100
78 102
111 138
189 194
151 18
19 153
57 76
67 40
124 133
106 63
111 110
93 24
33 98
65 182
30 146
131 50
98 113
191 19
139 162
132 191
56 169
15 51
17 80
147 54
123 154
25 46
95 62
171 75
162 155
157 139
118 70
52 139
6 14
169 62
176 172
165 85
135 144
163 152
123 171
120 60
70 86
137 14
169 183
55 41
107 181
86 195
136 119
129 31
122 162
96 30
119 70
8 59
75 157
X
70 121
13 40
X
124 176
132 115
70 166
X
42 158
109 86
4 40
52 84
37 91
128 30
X
55 76
65 3
124 129
46 119
5 171
92 62
116 28
29 104
86 125
X
87 19
69 49
90 147
83 71
193 88
127 86
133 56
159 120
36 50
18 119
X
65 104
X
91 157
8 146
X
179 53
134 170
28 128
75 63
13 77
15 132
34 17
X
72 147
105 160
66 155
X
44 179
84 141
33 88
177 108
135 150
135 122
172 161
X
114 83
137 113
107 86
87 163
56 136
140 41
5 29
91 155
89 170
75 179
11 78
70 45
130 29
63 168
137 176
X
190 172
73 139
125 37
13 54
188 165
105 190
56 110
25 43
42 166
77 80
65 172
14 74
91 51
153 52
162 21
20 122
43 48
188 156
73 138
4 42
146 147
194 52
166 87
9 101
21 68
161 18
31 153
54 106
147 22
55 145
94 194
8 46
106 143
20 119
92 184
124 68
162 122
133 103
165 89
23 34
73 128
32 195
86 59
122 126
118 86
17 55
74 67
113 150
190 67
23 41
89 59
25 78
132 109
76 180
89 1
41 86
121 192
103 125
X
X
53 84
178 30
22 9
72 67
68 172
33 192
9 98
30 160
37 169
129 165
85 95
53 78
155 38
52 44
190 166
40 174
120 9
191 130
155 39
172 51
153 95
49 2
108 19
X
41 70
25 84
126 45
153 180
139 71
156 123
30 66
39 91
137 77
34 187
131 52
69 138
81 60
136 150
91 110
187 166
144 103
102 24
61 156
178 83
147 190
1 161
36 105
94 132
192 39
3 141
33 5
85 33
77 189
33 154
191 4
72 126
81 47
110 39
180 39
158 124
173 139
127 35
130 69
12 142
59 58
78 54
106 144
166 173
122 123
177 18
25 121
119 153
46 36
99 25
28 50
18 118
106 59
1 39
X
126 2
70 60
174 158
71 189
144 181
165 74
121 42
142 52
134 171
176 118
155 68
169 32
93 79
57 107
71 92
88 125
83 73
127 4
156 154
143 59
76 157
54 67
110 169
35 139
42 19
145 145
31 170
175 162
130 28
77 180
68 60
100 154
168 31
192 46
67 136
8 60
50 190
71 194
155 86
52 36
174 197
84 30
29 118
183 181
191 59
47 9
X
49 187
53 138
112 179
34 105
126 10
38 193
90 53
130 163
105 187
12 74
189 78
77 186
148 58
5 130
141 9
46 82
53 3
X
172 28
149 6
155 8
125 86
55 195
9 6
35 184
186 65
56 171
106 50
57 85
14 116
103 97
61 128
113 179
173 47
96 33
105 31
52 166
32 192
132 188
105 73
69 73
63 115
196 30
146 17
143 68
79 178
179 35
64 145
90 104
15 79
45 82
109 130
17 166
101 176
81 2
135 132
8 123
193 116
24 114
33 66
140 155
40 161
114 90
97 112
181 102
91 129
10 88
94 41
178 20
121 154
153 29
105 188
14 55
169 50
40 164
75 105
194 88
41 96
21 156
X
28 123
69 121
98 54
70 3
144 41
181 109
68 49
178 78
63 6
20 148
78 149
11 68
162 11
98 172
79 49
139 99
19 188
161 116
11 168
31 195
105 27
53 139
43 126
176 17
20 116
6 186
93 113
105 162
146 191
157 124
174 31
44 137
155 49
96 165
86 35
54 40
134 76
41 49
119 47
164 158
97 194
57 35
X
25 123
9 30
158 56
X
116 176
19 121
151 166
138 16
61 1
161 78
100 175
179 31
39 144
21 153
126 109
14 42
100 28
142 39
28 76
139 101
182 4
67 121
24 15
119 187
58 140
66 178
120 56
56 73
102 172
33 54
19 123
148 170
160 53
138 11
140 72
117 140
17 188
22 134
8 74
97 157
91 156
24 65
53 21
63 143
107 180
14 80
70 72
160 51
167 30
126 176
90 158
28 141
7 10
149 64
63 114
178 37
172 27
57 120
145 102
92 140
50 125
170 41
67 49
55 171
28 16
168 178
154 133
122 85
150 88
158 21
191 52
41 181
65 14
63 172
196 96
124 80
121 146
137 70
153 82
55 147
122 108
42 37
72 6
139 176
25 40
93 107
X
77 107
15 69
140 77
110 112
155 57
76 27
31 152
99 12
79 137
92 133
101 19
21 60
117 12
4 154
19 102
55 117
115 49
86 102
154 89
191 186
144 31
95 14
74 4
15 119
159 74
158 105
5 60
89 123
186 73
162 153
23 63
120 122
87 33
151 180
12 5
118 47
120 15
65 156
184 143
148 158
169 145
126 39
24 195
17 78
143 67
151 177
92 118
67 135
96 97
165 2
50 192
88 68
192 186
28 47
109 15
55 163
171 146
X
27 139
181 30
128 39
29 161
162 169
13 43
74 97
116 67
49 192
98 14
56 84
167 61
72 187
56 70
52 115
94 43
139 180
6 132
23 36
141 74
160 194
97 33
63 93
3 178
113 99
102 19
39 112
177 197
13 177
52 176
X
54 47
88 122
27 137
33 50
34 195
13 192
39 175
121 129
190 178
147 181
8 100
110 163
115 91
102 97
117 25
102 28
17 119
43 87
44 50
135 130
187 151
10 2
81 143
26 170
138 181
41 44
80 27
105 36
154 43
103 60
33 63
X
109 59
28 42
124 31
11 88
17 124
52 78
130 155
168 197
162 40
6 147
27 49
27 94
183 53
72 125
195 183
15 191
153 49
55 180
25 83
118 80
151 29
160 110
56 158
35 56
X
122 104
28 14
158 18
70 102
83 138
81 28
105 152
141 163
175 108
36 18
52 24
159 167
16 93
4 75
55 5
55 67
192 40
157 14
17 26
171 178
158 15
X
175 194
120 43
181 194
94 195
182 5
188 68
192 32
71 39
X
167 31
X
45 2
47 104
75 6
23 83
95 54
68 46
56 113
71 150
108 124
50 55
51 74
147 37
X
152 53
149 166
X
180 155
73 63
54 52
94 85
159 18
11 178
80 12
11 176
X
51 124
155 5
7 167
161 96
90 51
134 191
131 165
108 161
172 52
139 9
88 94
161 95
62 177
93 62
120 147
135 9
86 119
24 185
101 195
70 163
91 92
146 123
2 176
108 113
X
192 38
96 156
171 120
179 108
128 153
26 80
108 167
56 139
171 119
146 144
101 172
77 49
61 127
77 100
192 41
125 119
18 174
14 67
146 53
189 65
12 132
139 70
155 176
126 47
91 64
21 9
121 10
43 85
87 120
X
28 171
147 7
176 82
X
115 86
152 50
56 60
13 74
87 109
64 45
67 162
64 75
24 123
47 110
138 154
124 182
27 97
71 162
158 36
177 94
143 102
75 147
86 81
41 125
44 119
127 175
124 132
88 98
46 70
104 109
49 189
179 51
X
53 171
19 61
123 10
65 171
164 59
56 59
70 162
103 25
49 4
160 31
33 155
152 54
96 83
145 106
194 87
177 70
77 174
94 191
134 72
179 122
159 96
19 63
18 165
118 68
166 159
187 142
65 72
16 105
181 95
116 163
137 138
88 59
160 129
7 25
10 27
97 190
163 74
159 107
173 33
4 149
161 169
119 195
178 60
184 196
49 42
57 36
63 11
149 31
141 194
53 100
128 31
56 68
193 5
X
57 188
193 4
144 148
83 4
88 56
X
39 128
68 176
167 189
90 123
92 177
34 152
29 103
93 83
17 5
105 142
29 33
134 148
120 70
13 142
163 82
140 16
102 99
123 31
88 168
112 142
86 28
65 180
191 60
108 187
46 40
127 123
12 11
154 57
185 76
166 158
151 90
54 44
68 121
168 161
43 128
85 93
55 150
85 143
112 150
54 151
146 146
101 17
36 20
17 43
44 96
74 81
68 193
75 180
52 154
179 92
1 40
99 19
108 32
66 180
181 108
7 62
136 129
13 102
61 175
80 54
X
79 76
109 73
40 63
156 120
158 8
118 162
155 84
28 169
141 177
155 11
X
162 74
127 176
33 185
189 79
71 147
52 51
35 75
X
34 106
163 117
133 144
X
74 98
95 79
71 71
191 46
53 190
190 41
159 171
32 17
85 81
136 91
120 132
176 76
125 79
152 176
53 174
29 109
25 44
2 25
147 64
52 68
102 18
35 54
159 105
126 129
32 98
184 192
152 20
121 121
108 59
192 82
5 27
133 98
104 162
118 24
97 167
65 49
152 95
54 158
126 70
125 27
34 66
18 125
32 171
103 151
164 155
120 121
86 169
81 136
52 141
80 142
142 30
41 6
66 5
X
132 154
55 106
138 173
183 25
46 65
36 49
41 180
193 193
177 145
171 188
138 44
144 102
111 101
X
34 73
153 30
51 20
77 157
7 168
57 193
181 186
86 154
194 60
79 16
83 141
37 77
6 131
136 170
17 51
178 32
8 88
X
86 191
174 77
34 54
X
X
120 129
7 111
74 56
34 188
136 144
38 27
190 174
88 9
79 31
68 177
149 28
144 64
23 134
161 77
179 61
70 76
14 108
39 41
191 41
40 69
147 19
43 135
5 172
131 40
63 128
103 51
103 49
15 25
162 96
86 109
141 81
142 40
110 141
6 60
128 100
171 26
121 140
160 130
X
112 133
25 147
X
160 139
8 102
125 149
123 56
68 45
29 186
8 168
66 15
166 152
160 8
111 171
X
172 46
127 45
187 68
143 147
76 91
51 29
186 103
169 53
24 83
183 49
134 56
172 32
138 161
141 174
104 152
16 51
24 25
75 34
146 23
23 168
130 4
54 18
156 15
152 182
170 76
104 175
117 38
96 66
142 15
40 144
80 60
53 85
X
95 33
1 176
74 89
16 80
51 44
140 15
120 146
X
108 125
69 103
171 181
67 102
29 97
60 84
93 64
130 30
146 143
38 183
180 117
79 28
23 6
21 85
109 17
28 78
80 15
189 127
93 120
188 65
103 134
131 51
147 23
42 112
129 62
41 82
76 93
159 29
162 9
121 60
125 31
64 6
160 128
68 118
4 25
53 75
64 120
110 134
118 49
175 83
189 114
137 18
190 126
189 118
50 14
162 20
147 65
154 39
91 93
145 123
24 128
167 102
194 130
92 123
117 28
93 110
185 92
41 94
55 44
12 128
46 6
66 46
93 81
27 135
64 97
136 130
145 132
106 16
81 57
194 81
119 53
193 94
105 100
138 21
109 55
12 87
115 84
26 116
151 133
144 40
179 78
62 93
36 51
147 18
75 120
37 75
155 83
174 12
158 108
115 28
161 74
70 49
21 25
171 74
88 1
73 131
132 101
139 77
76 82
51 48
110 110
126 52
12 6
41 124
80 38
93 40
103 108
132 102
146 75
21 66
36 53
109 101
43 122
107 73
83 69
93 43
85 17
114 82
88 72
153 88
118 93
169 31
137 100
65 114
125 8
135 105
76 2
71 7
24 26
158 109
19 20
9 5
95 98
118 28
159 75
105 72
76 38
145 133
8 119
169 91
146 59
22 100
181 119
162 8
79 14
76 50
175 101
42 46
166 133
52 116
97 99
59 2
60 130
183 54
144 52
93 63
17 42
102 109
65 51
173 51
148 130
38 52
55 51
190 82
179 52
129 28
144 39
32 18
152 93
127 31
30 8
167 2
9 129
142 96
32 66
134 41
20 60
110 86
141 54
145 117
46 10
93 133
56 4
186 77
40 75
194 51
86 123
152 85
65 20
127 47
42 94
112 37
147 68
197 56
97 85
100 17
50 76
69 87
42 98
78 34
74 90
180 93
49 41
33 20
92 22
35 33
102 111
49 55
98 89
91 91
151 38
42 88
159 102
82 1
76 3
13 68
20 125
22 24
6 21
31 126
7 86
57 108
152 89
13 9
149 91
86 30
174 33
70 88
123 80
105 24
133 54
96 65
134 103
53 89
182 28
67 31
76 36
176 119
65 116
192 56
161 130
25 116
6 117
169 33
33 33
49 105
110 113
42 18
104 28
65 34
25 81
153 133
162 128
138 90
100 130
63 46
141 83
155 41
54 120
51 15
38 41
166 100
187 77
51 75
119 49
133 100
27 16
86 112
170 46
96 62
141 77
63 127
31 104
68 58
36 19
188 37
185 90
88 124
41 85
125 78
168 100
54 127
10 29
61 8
85 97
91 123
87 112
45 119
196 56
34 75
31 114
61 6
33 90
7 50
163 110
153 57
23 62
122 84
134 102
13 48
55 50
88 51
171 31
99 27
96 52
4 24
191 14
134 18
126 67
66 119
145 120
83 47
78 39
156 54
145 23
9 14
23 28
16 115
44 114
184 35
15 67
21 21
177 92
158 1
52 118
55 103
161 10
57 34
137 105
75 100
115 93
78 50
83 50
55 20
89 32
98 131
30 116
13 79
61 97
184 29
75 88
189 41
73 3
152 94
155 40
97 67
57 75
88 96
88 52
159 15
149 95
173 64
33 26
146 102
24 135
11 90
42 69
90 4
88 30
38 116
169 61
14 36
127 37
88 28
101 134
167 48
61 7
55 43
7 114
13 42
180 109
93 68
75 132
41 8
154 88
110 56
95 50
66 38
22 21
152 83
103 101
17 68
136 113
190 105
189 37
139 73
189 129
30 31
169 56
94 33
44 122
34 127
41 128
34 31
104 64
78 101
104 60
86 99
74 102
57 134
116 70
76 119
145 119
161 115
134 55
133 113
126 26
17 115
23 87
36 52
75 27
33 87
67 75
41 15
170 38
5 99
121 57
56 61
146 68
178 118
164 3
76 30
99 112
102 101
33 28
87 21
138 114
52 100
136 121
30 30
165 78
12 131
24 80
33 8
178 119
147 8
30 89
177 134
25 17
49 29
43 9
195 29
8 14
97 14
32 65
30 119
76 122
176 78
194 5
80 1
166 84
142 16
9 110
17 6
188 116
31 117
97 13
62 11
122 122
14 37
191 82
69 44
123 28
190 52
40 44
4 122
164 87
14 46
162 13
10 49
27 83
31 121
169 21
190 130
125 45
134 40
19 104
98 6
20 34
178 38
154 41
75 93
189 10
91 132
176 104
53 28
68 75
169 109
190 100
84 87
29 134
191 5
97 109
124 30
118 82
15 93
12 40
5 102
108 13
143 94
54 104
123 124
5 28
84 97
1 94
50 126
146 103
119 60
93 124
53 20
138 24
160 124
13 106
116 69
70 131
76 51
174 78
150 18
30 64
44 2
138 23
45 10
27 121
13 69
178 2
169 26
49 48
101 24
30 88
34 108
144 68
43 123
181 39
64 46
128 1
189 82
19 100
28 126
68 131
142 32
141 80
184 30
172 8
33 108
18 72
66 34
51 17
179 49
149 114
177 71
176 60
9 48
16 57
172 61
42 2
101 13
117 86
31 63
106 68
196 29
19 21
181 35
189 18
30 114
53 17
117 47
52 104
181 122
88 95
135 110
16 74
45 70
182 117
155 15
147 106
24 126
162 10
190 48
18 9
88 111
186 101
127 14
93 66
40 91
185 88
191 12
104 90
161 82
193 57
116 24
24 24
55 115
177 31
161 40
147 90
91 90
82 77
71 86
167 104
147 21
2 95
61 96
79 120
115 50
69 20
35 73
5 104
41 3
136 9
128 70
127 12
159 77
32 33
7 121
63 97
179 95
191 35
8 121
46 110
71 70
169 41
41 66
65 17
77 36
142 89
72 131
138 120
1 21
13 71
167 5
100 89
187 73
114 8
11 39
141 96
98 97
148 76
80 34
29 72
74 2
43 10
62 34
170 62
84 90
42 85
72 128
153 43
38 70
57 110
33 110
31 89
17 45
77 60
182 95
95 22
192 36
195 114
141 94
66 39
16 102
171 121
27 72
105 59
32 20
87 108
119 59
32 28
182 26
5 24
70 119
102 110
182 36
157 63
25 119
141 58
32 105
184 39
55 102
106 58
147 39
49 90
136 111
115 82
169 123
102 130
190 103
177 119
122 30
84 77
178 36
12 93
162 14
109 134
67 36
188 77
47 52
98 132
154 68
136 128
132 40
94 131
173 63
145 31
100 108
124 24
33 89
30 72
57 20
20 115
131 113
176 101
21 65
141 53
132 58
172 21
158 40
74 5
25 16
50 86
141 73
28 119
80 37
21 61
42 76
137 10
14 132
65 105
120 68
53 48
26 129
101 8
176 77
126 30
177 69
110 88
84 18
17 79
175 132
5 77
183 52
181 81
17 54
160 96
80 4
191 3
40 113
8 11
16 76
113 7
75 96
68 48
171 65
42 90
171 6
50 90
119 52
1 41
184 26
13 108
178 132
191 127
105 28
156 60
75 91
78 125
146 54
186 92
88 93
165 75
31 31
136 90
9 3
129 52
89 51
24 125
74 92
182 54
64 11
60 6
145 21
42 115
189 81
150 78
30 90
136 126
101 25
6 16
72 86
175 106
49 107
146 57
26 134
24 118
13 134
78 82
79 33
75 107
106 72
17 24
96 18
125 9
170 61
172 48
196 94
29 8
87 10
12 84
106 71
181 82
170 88
128 64
67 15
179 20
91 119
122 113
118 107
110 87
117 82
154 69
110 38
180 4
156 3
78 12
60 89
163 77
170 108
190 22
74 88
118 106
139 80
8 122
28 51
116 95
86 32
14 51
20 123
29 95
42 89
15 104
167 132
78 96
177 30
41 9
79 34
163 86
90 102
127 121
8 117
169 72
76 6
177 29
125 56
177 124
41 28
104 127
170 40
61 12
44 63
110 16
184 36
127 1
192 88
156 1
169 57
102 5
147 119
184 25
25 47
86 110
46 63
26 81
98 130
98 12
136 110
100 8
141 42
179 101
171 110
130 26
70 47
53 55
193 56
121 37
167 56
66 8
99 92
168 73
25 87
22 102
150 93
6 47
162 18
134 58
15 74
174 51
178 134
188 9
183 101
26 115
20 100
118 89
30 45
158 128
194 29
168 64
77 102
109 39
26 121
147 6
187 19
102 64
146 134
67 119
124 76
68 40
106 122
120 12
30 65
55 14
138 43
90 120
12 106
146 58
20 117
85 72
54 7
155 37
181 54
170 53
114 81
184 31
63 49
44 69
92 25
136 98
11 14
155 105
169 87
33 97
119 67
117 84
17 48
178 130
169 52
56 69
138 113
149 21
69 92
25 50
156 101
152 52
178 26
118 94
43 86
148 118
45 3
175 96
97 18
162 129
179 117
64 16
92 42
98 17
179 5
65 18
22 103
12 88
127 125
33 32
87 17
61 2
40 43
78 97
111 39
102 133
30 46
137 123
107 127
54 124
132 105
88 71
146 64
161 36
16 118
104 130
115 80
169 104
97 17
14 134
38 64
149 7
158 133
22 65
138 123
91 109
92 68
99 14
38 125
38 113
62 33
47 122
92 131
111 36
156 56
116 86
17 25
119 56
121 56
61 3
96 31
108 112
40 88
78 32
81 127
187 106
76 80
94 25
195 93
154 50
113 28
72 3
16 133
117 43
77 96
15 134
90 9
188 38
126 98
178 105
116 6
17 46
2 91
120 125
156 70
95 12
61 62
11 132
30 76
156 50
132 62
55 49
180 69
12 86
81 73
167 47
115 25
180 101
90 40
183 108
152 84
123 84
162 110
166 86
113 25
166 132
107 55
65 119
94 130
31 98
137 24
128 62
197 60
160 123
52 113
55 48
138 14
49 9
41 87
33 27
36 108
87 123
178 3
183 122
124 90
87 114
92 129
57 23
65 47
149 9
127 112
108 86
192 8
4 92
43 125
34 126
190 8
23 66
168 104
100 6
132 65
190 117
54 69
55 118
142 80
150 114
105 123
42 16
40 17
158 106
49 108
76 29
13 104
67 103
11 12
99 97
111 77
28 53
190 76
74 127
104 88
177 97
38 54
169 108
42 91
132 54
39 27
127 110
143 56
167 59
101 64
181 48
107 122
182 96
136 100
175 12
2 43
59 127
68 106
13 14
93 93
195 95
15 102
43 36
179 124
71 105
156 53
131 56
6 100
1 42
157 13
24 16
103 130
74 58
77 58
128 65
43 116
74 6
42 134
180 27
39 124
117 37
104 51
193 52
44 48
98 69
69 91
27 86
71 5
137 91
124 88
8 61
192 37
40 19
62 32
114 94
118 104
86 19
71 76
123 109
147 78
189 102
177 101
164 60
156 52
92 124
15 80
115 89
125 13
119 51
101 88
144 36
111 74
98 133
91 54
53 40
69 88
132 42
78 128
44 112
196 31
11 87
118 53
110 19
5 21
107 118
76 7
132 64
29 117
93 111
69 114
33 94
187 100
174 6
151 42
45 109
166 82
160 105
43 2
122 24
69 90
5 61
73 132
194 126
136 15
6 15
108 35
5 73
123 59
171 73
19 17
168 59
49 110
53 67
12 9
180 95
147 59
94 83
170 132
122 107
122 27
55 116
65 15
42 122
106 51
193 95
104 34
71 125
70 2
83 44
160 42
67 106
175 10
177 16
146 55
118 108
59 8
171 108
13 67
44 97
81 87
140 94
139 75
188 115
43 96
50 124
