1 0
4 0
12 0
15 0
18 0
29 0
34 0
39 0
44 0
53 0
60 0
71 0
79 0
87 0
91 0
94 0
2 1
10 1
20 1
27 1
63 1
69 1
8 2
14 2
48 2
66 2
86 2
92 2
23 3
31 3
46 3
88 3
4 4
12 4
30 4
65 4
76 4
86 4
3 5
19 5
25 5
39 5
43 5
64 5
82 5
89 5
18 6
37 6
48 6
62 6
81 6
13 7
33 7
72 7
79 7
97 7
12 8
61 8
71 8
78 8
0 9
24 9
39 9
13 4
57 9
77 9
94 9
54 10
34 11
53 11
93 11
70 12
76 12
87 12
97 12
26 13
95 3
32 13
40 13
75 13
30 14
3 15
52 15
61 15
30 16
67 16
74 16
81 16
34 17
66 17
73 17
97 17
1 18
72 18
76 0
36 19
94 19
86 19
96 19
0 20
18 20
69 20
89 20
3 21
39 2
5 14
75 22
1 23
65 23
30 0
40 24
51 20
28 25
42 25
41 26
62 26
97 10
21 27
33 27
47 27
20 28
41 9
68 28
75 28
77 28
96 22
11 14
83 28
87 28
98 11
53 15
89 28
1 29
22 29
43 29
98 29
90 30
3 31
44 28
8 31
23 1
33 31
54 31
57 31
2 32
20 11
20 32
32 32
56 32
82 32
97 32
12 33
14 33
73 5
55 33
71 33
55 29
8 34
1 35
81 29
90 25
59 35
69 35
23 36
53 36
66 36
97 36
72 1
4 37
9 21
65 12
24 37
77 22
57 37
67 37
2 38
94 29
20 38
55 38
82 38
29 39
51 35
18 40
67 40
95 40
2 26
22 31
8 42
36 26
82 42
1 43
74 43
40 44
45 44
52 44
85 29
61 11
34 23
29 31
49 37
0 45
70 45
7 1
94 45
44 46
61 46
69 46
12 38
71 46
93 20
77 46
30 34
4 47
12 30
89 34
74 48
77 48
80 48
95 48
3 49
87 14
79 49
72 12
5 1
88 49
2 50
1 14
29 49
23 50
30 50
69 39
54 28
54 5
32 45
49 21
65 50
87 50
35 41
96 50
53 29
48 22
88 50
84 17
71 37
0 51
28 51
14 52
84 12
42 2
25 33
57 52
61 52
63 52
74 20
9 15
75 52
77 52
76 40
8 46
41 13
55 51
86 52
11 53
44 53
43 21
94 6
39 49
38 49
71 53
63 31
81 53
85 53
37 11
87 53
32 54
39 54
97 20
59 36
41 54
88 24
35 51
37 45
31 28
43 54
38 21
78 46
20 39
0 55
75 0
66 39
29 55
23 31
36 55
90 18
27 31
53 56
53 52
52 40
86 11
27 57
98 57
60 33
32 21
88 52
68 4
48 49
57 55
39 58
18 43
15 11
41 58
4 52
3 52
44 33
45 58
97 58
32 59
44 59
8 43
54 59
45 51
84 47
83 59
40 40
30 60
53 60
86 31
80 11
7 36
74 1
89 24
13 58
64 60
21 33
98 61
20 59
58 41
7 11
47 16
32 62
49 40
41 62
79 62
83 62
14 13
0 59
47 41
85 10
41 14
88 26
28 31
22 58
0 63
18 63
59 59
20 63
72 13
40 2
36 56
31 63
36 63
96 30
33 15
43 63
16 64
14 49
26 64
28 64
78 45
27 65
67 38
29 65
50 60
60 3
17 11
92 62
95 57
41 65
46 65
54 11
31 16
63 42
34 20
28 21
75 50
56 65
82 65
32 24
91 65
96 39
25 66
53 66
60 66
87 66
47 62
84 32
24 67
67 29
84 56
48 34
3 50
37 22
74 30
14 5
55 67
85 39
50 29
5 15
51 49
4 31
41 15
72 9
80 57
71 51
1 12
18 33
72 67
98 66
76 67
54 54
25 7
14 68
22 67
77 68
5 40
1 69
47 69
3 1
44 29
6 58
73 29
0 70
51 69
94 61
13 50
65 70
40 32
60 22
21 70
68 70
25 55
19 67
36 22
93 70
59 15
70 35
69 44
63 57
12 62
20 71
16 9
95 71
78 21
98 0
24 24
62 59
0 72
76 57
48 13
9 14
61 16
95 37
54 7
79 20
48 12
45 5
2 72
16 59
83 35
15 21
76 72
84 72
64 57
29 34
45 49
88 11
22 21
62 49
20 2
49 19
48 52
34 62
42 48
16 73
61 66
34 63
42 67
21 73
27 73
97 2
35 0
37 73
92 20
59 45
50 58
72 30
78 23
69 73
98 39
83 73
6 74
49 67
25 58
26 74
10 59
51 52
36 51
57 74
71 31
68 22
54 40
89 74
21 54
98 74
90 12
0 11
16 52
49 49
4 44
17 1
25 3
83 29
25 75
79 3
0 13
51 59
36 43
22 20
82 40
75 36
0 12
64 75
80 75
98 48
93 14
55 16
28 40
22 38
44 40
6 67
6 48
0 76
31 41
43 13
34 76
50 40
41 49
93 76
50 53
45 75
33 69
47 66
32 77
37 50
45 0
13 27
21 38
86 32
87 13
67 78
28 22
94 78
27 22
26 79
93 79
16 71
54 70
67 2
39 60
97 79
16 58
2 80
35 77
88 80
7 71
40 0
0 81
85 37
16 74
3 25
97 4
24 11
71 76
98 49
87 55
13 81
41 81
6 30
62 31
68 81
6 49
83 49
92 81
55 0
98 70
52 58
29 82
25 69
40 82
55 83
83 39
13 34
37 59
96 20
76 83
73 70
81 83
62 15
68 39
52 75
83 32
68 31
48 42
39 56
32 80
42 82
48 40
95 68
92 39
14 9
43 30
91 26
42 70
8 68
3 40
35 70
1 85
31 60
19 33
21 85
98 67
48 15
87 51
56 28
37 31
57 53
50 71
63 43
95 82
14 80
24 85
59 75
70 70
54 64
52 83
32 85
24 69
64 42
88 0
51 48
11 83
45 85
47 85
33 67
58 15
90 62
47 64
86 61
5 12
15 85
57 57
29 77
9 3
9 44
97 23
49 85
44 63
87 73
72 85
53 76
43 77
84 62
88 46
53 22
16 18
16 14
93 40
95 85
15 58
12 22
0 86
66 50
55 86
85 54
11 60
49 50
19 60
45 30
59 69
23 11
41 83
49 30
22 59
61 0
26 83
15 76
93 74
4 7
4 33
48 29
94 86
46 34
30 1
84 22
27 49
80 5
91 12
21 87
5 7
58 45
48 7
83 48
94 21
87 40
72 60
77 85
30 87
44 34
86 87
36 44
50 35
53 12
56 88
55 31
63 2
66 75
47 14
42 20
14 11
76 22
59 84
84 34
89 13
47 24
40 10
24 13
54 51
27 85
92 88
38 76
82 51
21 76
29 89
4 27
78 11
84 66
49 13
92 4
9 76
24 73
48 20
38 66
41 76
62 89
63 40
68 60
45 53
16 13
77 2
54 75
72 39
75 24
10 33
64 89
62 75
90 42
55 61
57 11
83 24
49 58
1 90
37 64
5 58
53 42
17 28
1 67
14 90
31 34
84 76
15 83
2 13
73 57
81 84
86 40
1 11
58 90
21 14
68 48
14 74
57 41
41 0
22 14
31 81
94 82
45 31
87 90
48 21
81 57
28 5
37 21
73 50
57 61
15 42
51 29
93 51
11 30
72 59
45 25
27 4
29 85
23 32
90 77
93 89
5 91
19 44
8 17
91 42
16 16
72 76
31 68
21 91
74 91
17 92
7 60
68 29
87 76
19 68
34 45
67 21
53 14
0 73
36 83
25 41
65 58
89 36
79 22
57 22
53 46
1 73
39 15
72 70
15 38
90 59
72 2
70 14
16 70
33 19
44 30
22 40
90 39
78 33
63 29
9 11
2 53
50 21
36 16
52 25
75 92
93 92
8 67
24 3
4 13
17 75
28 23
68 83
72 4
28 41
44 11
0 93
9 32
5 85
36 84
1 44
26 11
20 83
98 2
32 91
10 43
33 28
51 43
79 70
9 77
15 60
56 2
5 49
25 34
21 12
66 5
71 63
71 44
2 67
60 36
18 52
14 60
48 14
66 74
78 13
70 67
58 84
93 23
56 25
58 46
45 61
71 29
56 15
5 63
35 45
95 91
52 4
4 84
83 88
6 11
34 21
66 21
44 76
77 4
64 76
10 11
30 93
49 52
17 61
47 40
85 76
39 1
40 79
15 20
23 28
43 56
21 15
35 93
70 57
43 6
87 23
38 17
30 83
74 29
61 49
21 59
9 58
90 21
74 2
17 59
27 6
17 58
10 69
30 57
81 12
17 19
24 35
58 59
29 84
73 33
86 20
6 60
92 3
50 30
80 7
25 91
69 38
16 0
7 67
32 63
81 75
73 83
2 9
3 84
39 83
34 91
95 10
55 87
44 26
59 22
58 75
84 59
95 75
72 3
12 47
17 12
98 3
53 6
74 46
62 12
34 67
39 48
50 52
69 61
35 75
16 51
8 52
91 69
98 63
84 9
23 82
46 45
74 34
95 0
28 12
86 76
46 91
8 86
81 68
17 34
82 82
92 43
40 87
25 31
29 67
30 51
72 52
32 17
95 61
48 41
15 78
25 76
83 79
90 31
23 80
10 22
63 66
59 64
36 69
4 10
41 93
47 92
14 92
22 45
40 1
59 33
8 51
27 66
15 49
8 21
88 67
49 75
57 40
89 32
93 43
91 31
8 4
3 90
13 76
32 50
51 42
23 69
11 87
38 59
84 94
55 1
64 7
47 21
35 14
86 94
39 86
79 1
74 83
7 49
36 11
4 64
6 15
20 51
22 54
47 86
46 61
84 91
9 12
33 49
15 1
13 21
35 20
96 48
97 9
76 76
43 95
94 57
7 87
81 92
24 42
96 75
75 9
65 59
22 23
48 32
3 11
37 34
90 1
20 3
77 49
24 49
10 77
32 22
63 24
47 34
1 63
30 22
23 76
31 50
65 46
76 54
83 21
76 34
6 2
45 71
13 44
82 26
51 95
22 2
34 43
77 55
94 10
33 60
78 20
1 57
14 85
3 35
36 20
61 1
19 23
65 47
43 33
69 58
55 91
63 82
56 84
49 86
25 21
84 61
7 53
56 95
35 33
65 51
47 33
90 23
94 94
32 26
78 78
68 88
35 58
51 76
75 77
49 77
8 13
43 60
81 2
20 77
28 32
29 56
18 93
47 91
80 76
44 78
40 78
1 88
56 61
1 53
45 83
62 64
86 62
15 84
14 81
35 60
65 30
70 5
89 56
12 84
90 40
5 11
0 96
71 48
51 23
85 59
60 92
92 40
7 92
28 3
8 87
45 76
83 63
91 95
29 91
48 37
72 35
13 88
69 57
32 6
70 7
97 84
28 76
98 84
10 85
86 24
82 12
56 83
8 18
52 59
21 52
64 6
21 92
31 79
5 48
91 19
53 91
64 18
29 51
29 96
80 49
10 14
33 79
58 60
88 77
7 12
46 11
51 55
20 76
6 45
62 28
62 36
32 94
32 67
11 49
6 25
56 58
75 43
94 39
8 25
81 9
85 64
85 84
34 92
45 86
5 6
37 28
35 32
27 59
92 96
92 85
89 94
41 11
56 67
29 1
59 76
55 7
56 8
11 64
2 68
64 85
37 60
79 63
54 77
90 53
9 49
86 70
12 12
72 75
55 92
34 86
36 77
10 61
28 1
14 87
75 34
89 40
91 22
41 96
94 3
96 64
76 58
36 15
62 56
82 14
65 88
93 59
57 54
65 76
93 24
9 69
36 37
82 76
79 16
66 72
85 5
43 32
51 41
35 40
93 62
75 57
35 67
73 54
5 78
25 27
64 29
25 11
41 82
87 18
13 49
10 23
73 20
59 83
94 93
89 42
11 67
29 23
91 23
36 85
1 95
83 66
12 61
65 34
79 29
93 60
8 54
47 67
95 1
59 91
80 31
21 45
26 77
21 11
77 92
31 0
24 45
71 12
19 64
74 6
92 63
4 1
79 28
82 46
19 24
87 41
21 67
17 3
95 90
14 57
44 25
51 2
23 83
62 30
77 84
76 84
3 34
28 59
85 23
1 77
96 69
57 67
16 25
71 75
89 68
81 11
34 14
33 42
23 13
50 11
66 58
32 14
35 21
37 1
44 47
40 53
58 71
10 76
17 9
93 31
71 91
87 4
0 97
1 13
30 78
55 78
28 79
65 96
53 92
22 52
19 58
14 35
1 61
75 29
11 88
40 95
51 9
24 38
50 20
90 61
24 78
43 68
0 87
36 36
29 80
43 96
22 77
50 74
46 62
82 15
6 63
54 93
89 66
5 70
12 2
6 46
52 20
43 48
33 36
30 97
32 92
83 4
21 7
17 15
75 53
10 20
34 78
46 29
28 71
28 2
52 85
61 75
71 58
79 66
53 63
95 5
6 1
6 68
8 84
97 33
82 9
35 69
87 19
85 85
74 57
78 75
42 81
47 11
6 35
7 97
8 3
50 38
50 77
24 4
42 12
10 60
54 0
75 44
42 83
95 44
8 88
33 92
35 18
78 84
35 91
5 93
85 63
40 90
37 49
69 8
69 17
18 96
8 77
77 37
15 15
64 11
61 25
45 14
5 16
60 26
50 91
53 86
90 96
63 71
21 41
85 75
6 24
57 69
65 66
74 9
81 22
18 1
7 59
33 85
65 43
92 15
96 62
97 44
35 46
38 46
37 25
88 66
34 35
95 96
44 68
31 46
24 68
63 64
16 76
72 46
26 84
35 31
45 56
34 52
59 73
69 65
4 77
72 33
18 22
77 40
79 46
42 79
11 19
45 88
39 46
22 80
70 66
91 1
36 60
59 17
33 65
61 94
7 28
47 77
45 55
14 3
39 80
44 13
49 63
40 37
9 85
95 49
30 40
84 60
5 31
8 32
88 68
51 30
33 14
89 0
65 60
46 32
38 95
89 44
84 7
72 86
96 94
10 24
6 23
60 37
9 68
82 53
22 97
96 33
79 78
37 53
80 29
48 62
37 0
12 64
31 67
6 55
41 68
16 2
49 90
71 78
14 58
90 32
53 77
48 38
62 73
55 13
41 1
79 11
24 91
8 27
83 60
0 77
57 96
78 24
95 42
54 56
68 3
56 43
92 44
6 22
46 49
53 4
12 54
34 25
42 92
33 21
88 31
90 66
47 79
11 27
93 32
10 92
87 70
14 95
93 4
38 47
72 21
72 55
22 43
23 77
8 45
18 92
20 46
3 83
15 59
89 75
11 85
26 85
88 63
91 33
8 20
45 11
55 62
91 57
83 69
6 86
40 46
21 71
47 29
46 28
60 35
84 86
16 50
18 13
54 22
91 14
85 73
3 86
79 31
43 61
91 56
61 91
85 9
57 44
2 57
58 2
52 61
87 11
24 12
7 74
24 80
77 32
54 60
41 63
86 29
76 63
90 43
41 84
97 94
37 68
18 26
79 69
45 63
42 84
68 50
72 50
65 9
94 20
92 23
52 62
94 58
37 12
46 7
68 38
70 60
32 16
53 1
27 76
93 67
64 77
18 81
42 91
61 60
86 33
5 35
52 41
12 66
72 93
77 63
19 53
18 68
80 67
44 49
50 63
1 30
64 10
89 50
37 26
86 12
66 4
59 53
44 27
27 11
69 50
74 74
44 97
73 96
91 76
0 21
25 62
39 95
67 48
38 53
63 3
16 68
94 16
38 43
95 13
29 25
81 77
12 77
69 96
93 55
83 87
85 79
94 62
60 1
32 89
22 11
13 46
27 2
68 43
17 56
0 53
64 12
1 94
89 46
25 12
3 82
17 41
11 2
1 10
93 64
6 53
44 38
93 93
23 70
47 31
12 59
88 33
49 78
52 74
41 22
16 22
36 61
90 55
87 1
78 67
59 4
68 49
50 41
43 87
53 25
75 59
52 92
6 8
16 12
53 96
17 35
90 64
35 78
88 58
93 56
9 33
87 31
55 28
29 71
78 70
65 28
12 56
92 86
71 93
5 67
20 53
6 95
91 21
72 49
49 82
75 64
31 38
93 82
30 32
40 41
96 92
32 34
1 45
93 2
62 24
32 51
90 83
3 23
10 86
34 59
63 41
51 3
52 77
5 95
82 21
35 22
57 62
37 93
79 88
90 24
84 69
5 37
8 48
29 72
0 47
18 72
4 53
29 30
25 59
68 84
3 69
46 63
64 84
91 35
46 35
48 67
49 55
2 48
53 50
31 37
9 91
97 34
69 81
3 91
73 36
16 21
91 40
7 14
84 28
18 10
83 14
63 58
43 9
55 26
45 36
11 21
73 78
4 20
86 78
48 3
42 1
75 78
94 30
83 2
37 65
32 86
82 83
81 95
8 23
86 60
2 83
6 6
64 71
39 37
92 59
37 61
82 85
91 75
48 11
77 20
9 93
72 25
98 96
8 64
55 55
78 32
61 64
86 36
67 46
96 13
10 55
91 52
5 64
4 87
24 31
66 85
35 42
68 61
1 98
28 45
49 22
0 14
66 3
43 14
67 87
15 90
39 33
88 86
96 78
26 87
43 35
92 67
79 39
53 44
90 44
37 44
27 79
49 64
5 22
34 89
22 61
18 42
8 44
13 92
82 50
34 13
33 68
11 84
65 29
34 31
75 76
96 42
7 79
20 24
98 40
80 69
44 42
39 79
92 55
22 75
53 48
64 66
72 0
58 67
95 2
25 6
32 93
61 2
46 54
23 24
70 37
79 79
86 13
15 92
34 46
48 68
92 34
78 9
44 15
42 14
26 50
44 1
20 13
57 82
0 52
5 98
98 1
58 40
54 17
26 42
7 26
29 98
18 58
65 83
79 24
48 79
28 19
87 15
29 24
35 11
6 14
1 46
95 94
82 57
22 10
67 25
7 6
30 94
34 87
66 29
45 98
95 93
26 6
12 93
6 44
84 37
35 17
49 5
42 6
39 70
11 82
7 41
39 34
7 83
92 73
14 12
2 96
82 24
89 91
59 70
20 67
52 98
44 16
52 95
67 89
16 1
14 21
72 58
15 33
21 13
57 3
35 9
28 67
76 15
33 32
60 91
93 83
26 8
94 79
63 80
56 79
40 57
17 66
95 33
98 82
82 22
5 3
12 16
9 51
8 72
2 24
83 74
38 61
48 91
6 66
42 68
47 12
7 66
35 24
10 19
21 77
7 77
79 89
76 1
83 1
71 28
40 45
46 87
56 34
15 12
84 39
16 53
59 67
26 52
37 13
26 30
3 89
13 82
52 5
7 18
24 40
45 1
35 66
60 74
94 22
71 74
23 61
48 80
91 58
61 84
10 74
82 95
73 3
9 84
10 35
63 23
27 84
27 61
33 43
49 68
40 49
44 57
13 78
33 39
97 93
58 52
76 79
63 54
31 19
0 10
89 58
67 94
98 30
26 69
68 21
38 25
40 86
2 55
23 45
84 77
33 50
83 64
22 47
76 91
9 8
58 69
90 15
59 10
83 97
68 52
95 74
92 0
51 62
14 61
70 58
78 69
45 87
14 86
92 13
96 29
77 35
34 85
58 74
70 22
57 43
74 19
91 39
48 59
79 86
53 20
68 12
80 12
18 11
54 49
35 56
22 96
13 63
8 83
84 85
4 5
71 55
57 29
7 76
78 89
77 64
78 58
70 23
44 32
26 59
52 78
4 16
33 59
39 67
39 85
28 13
74 77
49 65
23 74
26 48
93 29
95 31
3 57
41 42
70 82
49 38
96 91
63 85
30 77
47 23
42 21
61 90
20 98
2 35
3 76
77 29
47 63
30 66
67 42
30 44
66 44
56 89
80 77
16 84
94 11
10 12
12 53
67 51
69 41
85 41
23 4
23 40
71 36
4 90
1 81
51 91
74 50
38 52
80 14
21 3
21 58
41 95
7 96
50 5
11 11
83 20
6 3
85 42
68 94
67 30
91 66
11 41
62 79
39 22
28 34
55 98
3 97
11 10
39 76
45 42
79 30
82 3
14 84
80 21
36 66
14 50
66 27
3 60
46 12
35 85
19 42
60 57
96 76
42 11
63 12
3 24
60 76
62 57
11 16
48 36
97 39
51 92
64 41
88 95
26 18
44 31
24 86
31 21
84 83
53 21
95 11
21 22
73 34
50 3
73 53
58 31
35 72
10 62
38 22
47 65
80 89
37 16
68 91
24 76
36 29
52 30
39 50
73 85
63 86
70 68
73 13
12 14
70 38
2 51
50 43
97 51
16 88
14 91
90 91
4 12
35 29
19 46
89 64
80 91
54 12
66 60
91 68
53 3
64 65
69 64
26 91
70 28
39 28
12 18
84 40
19 74
17 72
65 31
61 57
15 88
69 28
73 77
39 64
65 86
51 78
11 36
97 50
68 56
94 53
69 92
59 56
52 45
43 49
23 21
59 78
44 65
15 22
11 40
58 22
58 97
64 94
89 22
66 23
10 40
95 58
20 82
41 60
96 10
74 93
6 51
0 58
13 85
64 61
47 38
30 21
71 89
95 4
28 85
5 84
97 56
29 9
10 13
67 52
87 20
63 98
14 4
55 63
40 38
72 65
88 56
48 65
92 14
97 86
43 15
48 63
77 41
82 66
29 35
19 88
38 29
25 35
52 35
91 38
97 40
69 29
23 22
81 54
66 45
54 25
43 11
91 53
54 43
48 76
66 28
76 61
19 21
60 55
33 62
4 82
6 64
72 56
18 14
22 8
38 83
96 23
78 18
36 46
66 90
12 49
12 41
48 92
66 32
13 10
67 73
X
91 15
67 96
1 58
80 55
49 3
92 33
49 87
50 4
50 70
7 85
17 90
80 26
15 61
15 40
38 26
73 79
21 46
46 10
74 75
38 60
44 22
14 17
3 7
47 13
38 96
55 40
18 51
16 11
16 60
46 71
38 51
30 46
61 69
81 13
80 32
96 21
56 26
63 77
2 52
21 78
56 11
43 34
54 36
45 60
14 15
56 38
92 7
98 10
19 96
81 79
36 23
73 39
82 86
70 61
59 3
44 70
26 38
8 78
2 27
97 66
26 14
28 4
30 17
27 7
13 29
98 85
94 5
56 85
52 38
74 23
51 68
35 94
17 71
12 34
3 94
87 9
24 50
4 86
57 32
19 78
58 23
39 71
7 91
97 13
22 93
71 54
65 40
36 76
63 84
43 72
40 18
54 78
66 31
40 56
55 12
10 57
57 13
94 38
24 54
19 14
19 82
97 37
0 60
85 83
44 77
62 50
10 88
34 33
25 98
37 56
85 33
76 29
85 74
95 89
73 23
72 69
80 59
43 2
5 69
59 2
58 14
97 45
7 58
42 80
87 45
6 32
85 44
49 71
69 59
2 76
67 91
95 97
82 96
7 22
34 71
89 51
80 3
89 25
97 22
88 93
65 18
49 44
31 35
40 22
9 2
4 63
26 86
64 37
92 35
6 96
45 19
33 94
43 84
42 17
71 1
42 61
96 68
26 62
9 95
71 38
21 60
32 40
76 17
65 19
15 74
93 63
3 58
10 48
83 91
69 91
17 50
78 86
55 25
67 4
95 41
96 31
50 50
4 28
8 56
71 79
9 66
35 76
54 42
76 86
92 66
26 33
68 62
23 53
4 45
66 92
53 51
14 64
21 96
48 94
4 2
16 78
44 5
25 97
35 71
74 3
79 2
27 68
40 5
5 18
73 44
42 69
7 21
97 90
67 62
61 73
27 28
72 68
45 78
35 84
8 94
42 65
57 85
25 83
82 23
53 83
7 78
25 22
83 22
69 2
10 26
80 88
85 17
30 19
46 55
66 71
29 22
3 85
71 77
25 50
18 34
42 96
94 89
14 76
7 23
46 4
42 13
96 2
25 93
37 86
93 30
97 82
51 63
92 74
22 41
70 83
30 56
83 78
15 97
50 22
26 81
24 90
10 49
68 71
43 67
90 82
18 54
2 63
4 32
26 36
58 98
57 45
79 92
10 58
25 78
5 34
15 14
62 11
64 86
79 47
95 12
81 44
13 73
90 16
78 12
40 67
54 74
91 30
82 0
61 88
97 48
71 49
5 25
67 58
91 27
4 97
58 83
42 56
35 86
84 52
60 28
2 97
40 7
19 15
63 18
86 46
90 75
31 33
37 67
11 93
88 15
11 42
79 40
2 87
23 58
87 42
43 36
19 75
58 96
46 82
94 15
10 25
3 95
81 33
22 12
55 75
28 26
18 45
72 57
40 83
52 65
66 87
76 77
74 40
74 51
65 38
24 92
9 82
85 70
85 86
9 22
17 10
4 6
80 64
20 29
37 51
32 64
38 20
30 2
8 15
87 33
42 85
76 49
45 48
10 82
13 24
94 91
36 21
78 4
62 77
26 49
93 72
5 17
33 37
43 3
55 59
3 67
35 13
3 17
65 33
29 41
30 91
65 41
89 83
24 56
50 19
52 29
40 69
41 36
24 47
53 54
9 54
41 41
93 21
19 59
60 67
96 47
13 45
80 66
37 30
7 50
36 91
84 87
79 4
82 35
45 46
64 3
92 30
56 23
97 41
80 46
21 57
43 83
41 69
43 22
78 22
83 3
X
83 13
61 67
28 30
48 86
47 78
16 26
38 67
1 56
24 77
80 24
97 0
36 7
57 94
69 56
84 2
56 7
75 31
41 90
71 71
79 91
75 88
41 87
30 53
61 39
33 48
2 77
93 5
87 74
7 3
63 6
26 3
78 3
43 16
23 64
10 64
2 61
88 78
42 76
38 70
56 10
52 49
10 29
31 98
64 39
46 8
92 56
39 63
81 3
30 67
5 45
94 54
60 6
56 20
33 33
65 64
69 60
52 57
45 34
47 30
53 58
86 22
3 87
65 11
43 66
71 94
74 54
79 50
84 6
81 78
77 54
75 70
3 26
5 21
77 77
75 35
7 52
61 10
24 48
55 50
20 64
82 2
21 39
15 16
37 41
82 84
16 49
16 42
37 7
37 94
16 10
82 75
91 51
63 47
13 91
98 87
63 72
72 40
19 72
78 16
79 96
17 97
4 38
16 15
98 4
67 92
95 25
14 24
44 24
58 24
3 55
33 75
61 9
22 92
54 53
21 4
15 26
2 30
31 87
3 51
5 43
45 28
1 87
6 81
81 50
71 2
X
90 22
15 24
0 64
19 81
54 72
44 88
53 68
79 71
57 47
16 27
61 93
45 22
92 28
68 47
82 70
6 16
56 55
84 75
66 48
28 53
83 77
49 17
49 72
54 85
59 26
2 14
59 61
52 24
40 85
2 29
55 48
6 82
21 82
10 90
12 42
31 56
31 6
62 23
7 84
55 54
21 23
86 43
87 96
65 72
56 51
72 20
42 18
91 59
42 22
22 68
51 10
73 71
83 9
14 29
44 67
91 91
38 11
57 76
96 43
28 48
63 17
23 30
98 79
6 79
67 17
69 71
56 53
74 97
94 68
33 70
92 82
57 91
32 49
29 79
27 69
39 14
74 37
11 12
76 92
34 15
81 88
10 8
84 29
26 44
9 10
74 25
66 70
34 40
79 85
70 91
44 79
79 64
30 5
42 38
77 33
14 63
12 70
88 87
51 79
45 67
66 33
24 21
91 83
5 39
12 82
91 62
53 57
39 27
8 85
89 76
16 86
86 35
94 14
63 46
54 48
54 37
58 93
60 40
89 8
47 98
31 75
59 29
74 32
2 58
68 53
83 8
4 80
65 87
19 43
69 74
28 77
78 52
37 76
65 93
16 47
92 51
21 10
62 47
76 56
73 87
80 78
26 24
31 18
48 95
57 78
59 77
77 1
6 59
57 84
3 77
22 6
50 92
82 88
4 59
13 22
32 0
66 64
8 79
56 78
55 53
10 36
28 62
53 93
43 55
96 15
52 53
28 47
54 96
74 10
76 36
39 84
56 46
90 60
33 91
89 77
X
66 46
32 1
81 31
34 24
81 60
85 18
71 47
48 39
12 17
50 61
47 49
76 14
36 0
50 80
82 92
46 50
56 98
34 22
81 67
26 37
39 78
84 16
51 53
98 21
44 8
5 59
22 4
53 79
35 65
50 13
40 33
88 14
69 3
64 8
70 30
65 92
65 6
32 39
63 91
46 40
49 60
20 80
34 28
78 1
74 79
5 44
30 36
61 62
70 89
15 2
17 98
68 32
86 65
77 72
95 87
58 42
58 73
2 23
12 76
89 38
70 48
70 10
52 17
14 34
24 83
89 86
47 80
39 38
29 6
11 62
58 16
9 17
70 90
12 89
39 20
83 25
63 56
13 25
88 7
6 12
12 27
56 24
5 47
7 82
47 72
65 37
49 41
54 92
10 2
17 57
93 28
20 97
9 65
36 67
57 65
19 65
32 36
54 80
8 29
77 66
25 49
88 18
74 94
8 95
22 5
24 30
89 57
79 60
54 15
40 36
76 43
54 20
44 7
13 41
76 16
97 83
86 34
35 47
49 34
51 22
89 31
35 68
20 21
93 68
85 66
18 35
15 70
1 92
84 92
57 63
64 55
16 19
34 56
75 58
74 59
96 37
39 32
48 88
98 33
52 90
23 18
87 92
16 40
8 35
55 23
76 42
85 55
44 62
26 70
12 87
18 9
80 36
28 69
98 91
X
58 25
70 55
27 33
44 87
75 6
23 26
80 0
72 8
17 4
59 87
19 54
17 23
27 86
23 65
80 71
11 75
61 40
82 58
81 30
54 73
45 7
75 74
90 67
82 91
59 90
6 41
74 31
39 30
3 88
18 88
44 84
9 92
63 15
12 94
9 46
20 93
81 90
83 0
51 96
13 84
52 23
4 67
57 81
52 42
69 66
58 47
36 89
76 38
5 38
35 36
55 57
24 41
48 58
91 73
32 75
92 89
93 71
84 38
5 53
51 27
87 83
4 43
72 14
24 15
44 81
17 52
49 91
55 90
15 5
41 3
93 34
7 16
51 6
57 87
88 84
44 82
70 71
51 61
41 37
26 97
32 78
69 70
70 56
92 69
27 13
37 14
62 94
19 90
20 22
26 53
40 6
35 37
4 40
82 97
46 31
84 50
16 41
96 56
23 79
53 69
1 47
88 54
25 61
2 64
46 59
38 82
62 91
19 92
78 64
90 58
81 10
54 91
44 18
15 28
70 54
57 2
18 41
71 25
8 8
77 16
46 76
41 20
72 31
8 14
59 41
10 41
91 93
26 67
17 88
4 88
62 67
1 91
10 89
18 97
70 13
81 47
35 27
80 58
27 23
22 22
64 9
24 98
87 84
64 93
5 26
49 62
9 56
35 81
48 57
56 90
89 70
38 85
15 87
79 17
10 47
30 68
76 55
66 61
23 93
45 92
3 33
66 53
70 3
67 47
57 28
7 93
55 69
53 37
58 38
2 34
12 60
28 33
75 49
50 42
51 8
89 49
93 3
77 80
81 97
45 32
96 41
23 34
59 80
90 68
16 28
17 93
24 19
75 1
83 75
93 16
69 23
14 56
90 92
5 8
89 17
38 42
17 24
9 96
87 17
6 33
64 78
3 92
11 35
58 17
48 78
82 89
55 22
36 41
53 82
90 71
5 82
47 61
96 84
0 57
96 83
3 71
49 45
65 57
83 83
15 51
11 15
37 97
9 78
31 22
5 5
48 33
26 31
98 26
21 68
68 41
34 81
3 45
73 19
82 1
78 56
43 39
11 68
45 18
37 89
44 83
30 45
3 80
30 79
36 24
61 38
36 87
91 43
24 87
18 90
69 9
12 75
55 60
19 9
24 57
86 63
67 3
57 25
54 84
73 93
39 47
77 3
58 33
46 93
66 57
89 69
42 15
9 34
76 30
69 79
13 20
86 10
26 75
68 16
66 84
80 97
89 97
38 8
79 34
65 75
89 37
37 96
83 70
82 77
63 28
87 36
36 95
71 65
45 20
59 54
73 1
37 62
85 67
18 16
25 72
23 78
41 66
37 48
18 2
65 63
14 16
16 33
94 24
64 43
15 41
89 1
33 88
30 69
52 2
77 75
91 54
93 38
66 43
5 71
22 18
56 12
47 50
11 48
40 14
98 95
39 36
50 57
60 25
13 71
83 84
74 88
16 5
78 93
11 34
16 69
58 78
34 37
97 47
13 17
9 43
87 86
83 23
66 94
21 16
4 42
94 56
82 7
67 93
11 1
10 66
62 80
39 92
49 24
3 38
47 94
88 13
21 61
38 18
58 43
12 96
51 65
47 58
68 17
45 41
12 86
12 39
78 38
29 3
37 15
27 53
13 70
20 69
50 56
33 80
28 17
55 24
81 56
86 21
61 71
63 70
44 69
19 52
51 38
47 19
91 41
10 91
44 14
46 36
55 70
51 40
88 44
19 12
45 52
54 52
79 72
69 51
14 10
69 67
97 42
88 51
76 85
37 55
78 91
35 7
6 4
44 19
19 79
83 80
0 48
95 9
22 66
60 17
61 54
62 90
22 1
96 77
41 94
37 35
77 58
12 44
46 58
60 77
42 77
25 54
50 88
85 60
16 56
48 87
53 13
54 79
28 75
40 68
66 65
50 73
62 72
75 85
94 69
7 25
31 17
12 36
98 35
20 52
46 96
95 88
2 11
47 45
97 46
41 46
68 82
56 59
54 82
60 54
30 84
59 11
88 88
69 78
15 4
58 11
94 74
54 69
44 41
43 7
18 44
16 79
88 92
29 21
64 91
61 63
48 46
88 6
38 77
5 60
77 12
95 83
9 9
44 55
23 55
6 7
48 53
90 57
60 41
27 89
79 8
88 22
60 68
17 79
58 63
28 86
3 56
50 69
69 52
66 47
11 89
97 62
83 82
50 28
25 87
76 75
45 16
41 43
9 42
59 82
4 15
56 4
3 98
68 75
70 6
72 37
45 80
12 71
14 78
54 94
14 59
53 39
96 14
11 43
23 41
69 4
49 56
98 93
89 16
28 60
17 51
63 9
6 80
63 16
56 41
61 59
47 10
85 38
38 35
9 70
69 97
81 1
87 6
37 80
21 31
63 48
34 69
55 39
65 32
37 91
66 30
5 50
43 73
93 53
49 33
51 90
14 79
83 7
91 70
89 35
47 56
58 81
62 35
49 16
41 73
90 14
38 16
9 64
27 70
24 89
36 93
10 94
57 79
15 65
45 35
42 90
88 96
27 75
56 54
X
52 39
57 95
24 32
92 21
78 92
49 81
32 46
81 20
68 76
73 10
39 66
8 6
57 38
86 80
49 7
19 10
32 90
53 89
24 20
15 35
34 27
11 26
98 9
19 56
11 18
33 45
98 18
50 96
48 55
40 15
88 42
94 25
24 72
15 6
4 78
89 63
57 83
97 19
25 42
73 42
14 8
16 77
38 19
1 65
47 22
20 17
10 34
6 72
32 18
21 53
59 72
74 56
38 50
10 45
7 56
76 59
62 16
44 93
55 84
4 70
15 3
16 48
84 13
89 96
80 28
23 68
8 82
96 51
57 80
88 57
9 16
30 10
3 53
87 94
12 79
57 64
24 52
37 70
21 42
87 8
17 73
26 60
75 38
78 53
31 66
86 5
34 50
7 46
21 1
35 59
29 18
16 6
75 10
38 14
13 18
67 79
55 58
32 74
15 56
37 83
52 80
87 22
78 66
61 37
48 64
92 42
12 45
79 67
75 79
4 22
8 74
14 14
88 43
34 77
67 5
97 96
83 68
57 75
43 90
52 72
66 18
98 46
75 86
53 41
47 1
61 78
25 40
65 82
71 56
41 86
96 53
79 59
58 37
18 91
45 79
98 42
85 50
30 80
30 81
73 9
36 17
46 89
93 54
62 55
15 48
89 23
80 23
58 91
27 87
16 96
23 15
35 50
15 18
87 82
64 46
74 82
2 89
13 64
68 30
56 49
74 58
98 44
17 48
52 47
73 52
19 95
13 35
85 68
81 0
39 96
48 96
33 52
18 12
24 23
22 65
61 56
95 28
30 31
65 74
47 97
7 70
51 60
74 33
60 81
66 91
75 7
77 31
49 73
6 54
2 91
38 94
78 44
80 79
16 24
4 58
98 45
41 17
59 74
20 19
67 72
67 61
83 96
2 54
87 32
64 47
69 94
48 51
35 25
62 17
97 54
80 94
71 50
60 70
73 8
85 61
42 94
57 88
22 16
34 36
75 16
44 92
X
96 63
36 58
66 8
78 29
19 51
66 6
43 88
5 0
16 97
53 62
27 40
10 39
97 15
18 18
27 15
39 88
83 12
82 16
54 27
26 29
29 44
46 30
43 89
6 47
68 79
50 39
53 43
71 43
24 93
49 70
78 72
87 67
60 24
87 79
16 4
94 28
40 11
19 18
49 28
69 54
21 8
48 70
95 53
98 92
66 52
60 59
78 37
70 64
48 73
58 61
88 89
49 27
87 5
30 52
26 22
85 92
95 38
67 71
70 41
1 66
5 42
53 47
26 58
6 71
27 43
61 55
63 44
7 81
89 12
13 36
37 17
50 51
54 13
36 78
91 74
86 9
23 59
32 66
36 39
46 46
62 61
72 87
74 76
60 2
42 86
98 15
77 87
81 34
58 77
15 55
85 56
89 98
17 8
75 37
12 21
92 31
60 62
22 46
68 26
7 65
16 54
46 39
43 80
22 34
81 23
23 57
57 92
4 93
25 45
89 67
91 72
85 6
73 76
89 80
49 61
78 54
6 61
4 85
67 60
97 69
83 16
60 61
46 41
8 36
4 60
21 30
75 25
25 70
44 10
79 68
84 74
42 37
16 3
23 92
22 32
46 38
59 7
48 23
79 37
20 10
92 54
6 70
20 34
83 85
23 23
26 32
87 91
95 45
73 97
0 82
15 62
57 7
24 81
20 96
73 98
25 47
50 89
20 8
26 27
89 41
64 24
85 22
34 49
37 23
22 85
88 55
39 16
78 30
16 35
23 91
94 12
67 76
52 89
50 54
36 70
78 81
83 46
26 61
56 27
53 19
85 31
95 29
53 23
54 62
9 50
45 10
4 39
7 75
62 41
51 73
68 77
39 43
17 42
7 51
87 71
38 7
13 38
14 54
74 85
65 71
29 48
31 20
30 35
13 39
98 7
16 91
45 68
20 40
88 71
10 42
74 70
95 79
45 13
55 6
98 16
7 89
14 53
37 57
12 74
85 62
53 5
78 71
84 20
15 52
55 80
60 63
58 86
85 65
95 24
15 69
4 24
51 47
6 76
26 45
29 28
24 97
75 23
78 88
21 56
87 77
74 63
85 72
76 35
8 97
91 46
33 13
51 19
32 71
81 49
48 71
0 46
73 51
57 71
72 95
87 56
73 80
84 10
88 16
17 25
78 2
10 83
52 50
23 56
79 23
64 17
13 48
92 94
56 73
7 37
41 27
93 66
27 8
66 93
41 35
17 70
18 78
75 75
54 16
47 42
85 32
87 93
56 71
28 43
74 96
90 52
71 42
62 92
0 65
40 48
79 54
84 98
93 81
13 74
80 20
28 52
74 7
20 92
94 2
87 54
39 75
13 11
47 55
57 77
83 98
87 88
86 79
76 80
84 36
67 83
90 74
6 52
12 13
9 59
1 96
5 19
96 40
70 27
55 2
43 70
55 52
35 48
78 61
80 86
61 70
18 3
30 33
67 54
41 70
36 31
60 83
5 2
86 88
85 28
45 12
22 78
39 73
54 32
27 46
84 3
25 82
15 57
45 50
67 50
6 19
25 46
82 78
91 97
11 98
11 92
7 54
15 39
13 8
18 89
27 48
82 49
43 38
87 87
26 46
95 30
5 29
81 28
13 97
51 70
55 43
44 71
17 13
28 18
92 53
83 56
53 38
26 88
10 63
7 63
33 72
64 2
47 82
60 90
55 56
38 13
19 77
64 1
11 71
77 90
64 62
56 21
61 92
14 72
90 84
80 95
96 0
79 81
29 52
78 10
73 88
64 80
58 62
73 0
47 73
66 42
73 14
16 65
66 76
53 27
97 1
70 21
15 93
90 50
98 38
2 47
25 25
90 5
65 45
39 18
79 58
18 79
66 82
42 3
73 4
81 80
44 6
4 81
7 48
90 13
25 23
79 93
8 53
5 86
54 24
9 83
89 71
32 25
62 62
19 8
6 69
4 41
21 93
32 20
17 81
73 37
23 95
22 9
92 72
33 95
9 71
25 85
34 19
81 14
55 89
22 56
43 74
25 48
39 91
37 90
76 25
42 93
21 97
54 4
49 51
15 94
67 43
90 41
7 13
6 97
33 23
97 80
48 27
62 37
56 72
57 4
45 93
35 64
37 78
77 61
8 80
21 44
74 84
40 3
24 22
3 74
47 89
75 8
47 81
76 70
91 77
7 39
49 93
79 83
32 55
40 35
28 68
60 47
33 74
46 79
9 37
2 60
30 23
4 96
91 67
7 90
68 72
67 75
4 73
11 74
67 98
85 13
25 68
86 86
69 93
1 59
X
66 86
37 84
93 35
85 24
91 45
69 25
48 69
70 47
12 58
47 15
43 71
43 31
84 18
6 93
30 20
42 44
42 74
19 16
64 64
X
50 85
98 12
46 66
43 23
66 59
9 45
51 18
95 92
61 17
55 68
68 11
94 72
60 84
26 80
5 13
91 25
36 79
33 34
4 26
26 7
89 6
95 62
53 16
37 47
38 32
13 95
5 96
42 87
2 70
74 78
37 18
20 16
73 61
64 45
3 22
53 64
75 60
16 7
74 86
5 56
72 32
46 88
93 77
72 54
10 72
16 8
91 13
2 12
25 37
23 29
36 71
43 75
96 55
51 75
33 55
64 40
87 29
97 81
77 94
72 43
97 91
80 61
0 22
12 43
37 32
94 34
1 76
64 44
49 4
75 56
51 56
7 88
73 72
13 72
93 88
9 79
20 81
70 97
69 5
78 50
45 21
49 47
38 93
43 10
8 66
1 60
19 45
53 90
89 54
30 75
43 20
71 57
9 35
6 87
22 94
52 34
84 70
59 79
54 14
81 21
X
95 43
98 14
81 36
60 64
78 68
18 29
4 56
79 12
12 37
49 2
8 37
38 48
41 91
40 89
0 56
43 91
41 89
3 68
43 17
73 73
77 79
25 18
17 95
38 64
30 48
38 34
46 53
49 92
68 40
58 68
25 24
57 26
80 60
59 94
8 71
36 48
78 83
40 17
49 88
84 5
81 87
79 94
18 95
76 44
52 79
78 80
6 89
49 66
65 98
90 38
91 18
82 47
67 32
83 93
96 95
58 76
43 79
77 88
36 42
57 5
25 17
24 44
69 36
4 9
78 47
54 45
4 29
8 11
71 61
31 23
90 94
20 56
68 87
37 27
2 18
81 24
61 83
66 88
22 15
50 78
59 60
4 11
22 55
30 6
63 92
66 19
94 60
89 39
72 22
61 27
52 33
59 24
41 88
80 56
60 88
57 68
6 5
84 23
93 39
71 35
11 20
49 36
50 87
37 19
47 48
88 32
2 88
55 34
38 45
51 80
37 37
65 80
29 45
54 2
25 89
89 92
44 61
79 38
76 98
28 14
7 94
57 6
82 67
58 79
39 6
65 73
11 25
85 98
5 94
67 88
62 65
12 97
65 81
10 46
53 53
25 19
73 75
90 56
58 94
32 60
60 82
13 13
53 85
91 60
40 20
62 66
59 16
17 89
40 73
15 7
59 81
20 57
35 28
14 39
82 13
33 71
69 80
96 80
40 84
24 17
9 38
63 26
8 76
51 89
26 66
16 89
46 5
68 54
34 68
72 34
16 80
82 18
49 29
37 33
23 71
62 71
41 78
36 33
55 21
3 19
47 35
29 78
34 32
2 81
63 83
19 93
43 82
59 95
96 71
47 39
53 81
35 88
6 9
97 95
84 82
46 75
38 89
34 47
68 44
38 65
35 43
24 60
7 38
95 26
86 85
22 62
82 19
5 83
9 6
84 80
51 85
52 19
93 36
10 3
23 60
82 79
18 55
1 24
50 37
62 29
58 55
45 91
59 52
49 39
65 91
6 34
97 53
72 63
57 39
81 58
88 64
53 7
34 82
85 81
11 47
92 19
59 25
79 33
70 98
77 38
78 36
0 67
92 57
3 39
86 73
50 17
95 69
54 88
89 45
12 29
4 34
66 89
10 70
86 56
62 69
8 7
93 73
6 88
97 70
10 73
72 29
64 56
11 94
40 51
97 71
66 41
56 22
41 6
55 4
39 72
40 96
93 33
46 1
24 43
18 74
82 68
95 59
14 77
33 81
86 82
53 24
73 21
X
89 14
27 3
29 47
43 18
7 68
13 55
9 40
91 84
47 53
17 69
34 18
78 87
80 90
80 34
28 20
58 39
18 53
62 46
45 59
96 44
9 90
63 67
21 24
90 86
38 86
X
55 36
38 6
56 36
70 4
15 95
64 26
38 30
24 82
87 34
37 58
86 7
16 66
81 7
57 72
56 91
62 74
56 62
32 88
88 36
34 48
42 23
6 78
28 27
45 94
90 35
47 88
73 24
10 15
60 69
61 24
23 84
52 10
38 44
42 47
98 62
12 91
24 46
47 9
77 81
92 12
43 86
69 47
17 49
17 68
38 91
63 78
86 77
5 41
29 5
72 26
46 19
13 28
43 78
94 32
91 55
38 57
12 72
11 13
36 68
72 64
97 68
39 52
78 34
57 98
14 94
72 53
63 37
X
90 72
96 90
39 23
23 16
66 54
50 23
25 60
51 72
72 94
80 98
97 8
92 68
50 55
93 13
30 74
84 14
50 68
69 7
29 90
65 10
94 31
49 35
2 98
4 68
59 88
16 17
57 93
72 28
37 63
93 22
21 55
31 90
6 27
58 64
55 49
52 16
82 94
63 10
57 27
66 62
17 55
91 71
11 23
34 60
45 54
32 82
97 49
14 27
29 29
44 20
92 95
80 25
46 78
84 33
26 5
86 74
82 33
43 81
14 38
77 14
96 82
74 41
77 30
21 43
56 92
54 61
32 98
77 44
48 47
47 8
1 15
21 64
2 69
39 25
20 30
12 24
13 53
7 9
48 8
31 82
34 38
81 55
21 9
88 35
7 19
25 81
12 11
39 87
50 6
26 4
81 74
28 61
12 95
56 48
75 40
40 59
98 43
8 55
65 94
59 85
7 86
63 55
50 76
82 87
79 73
98 89
52 46
70 49
87 2
22 60
2 94
18 98
76 18
71 60
56 14
91 37
7 5
2 82
71 14
61 23
11 39
40 47
74 81
27 81
14 75
11 28
65 52
88 34
71 10
53 97
68 51
96 1
46 15
28 7
52 81
62 48
95 6
46 51
84 4
44 56
83 34
26 9
83 33
82 54
51 33
59 63
53 2
78 60
7 15
83 92
8 22
39 59
96 96
6 39
56 6
41 2
26 20
84 63
72 45
28 70
93 15
74 5
82 80
56 93
52 63
35 87
80 70
95 95
2 56
80 63
45 26
11 24
59 62
96 38
33 47
25 39
14 96
70 65
19 70
72 51
89 78
90 54
86 64
65 5
74 61
38 78
11 65
65 95
59 27
32 65
44 17
66 81
70 9
34 51
47 32
32 35
29 40
32 87
60 23
12 15
77 78
31 40
50 8
80 82
47 54
28 29
90 37
30 29
77 86
73 38
87 24
37 52
X
30 9
29 32
71 13
72 74
97 64
79 45
25 88
96 59
78 19
47 43
30 41
34 58
X
32 48
48 24
14 62
51 77
39 19
92 38
41 44
94 80
18 25
38 97
75 98
96 27
38 41
41 24
26 43
8 39
30 85
9 55
94 7
1 86
24 74
40 75
16 93
78 63
39 35
X
69 40
49 53
2 66
5 28
79 57
44 89
31 97
55 93
22 17
91 82
68 10
77 93
49 8
33 24
56 3
11 73
24 27
62 40
79 95
96 74
7 40
35 95
93 94
59 39
3 10
X
12 35
59 86
35 23
46 9
2 73
11 57
19 91
47 20
15 54
2 46
75 87
62 8
55 76
54 39
20 45
9 57
7 8
27 45
29 74
5 89
89 55
50 75
16 95
39 26
22 73
4 35
15 63
68 55
9 97
29 43
69 26
36 80
67 82
78 28
36 65
91 96
29 8
48 19
50 90
27 44
85 82
91 5
13 19
23 73
88 4
89 33
78 17
76 21
23 33
23 38
75 32
43 58
42 9
40 55
21 47
44 36
69 21
73 18
33 82
23 44
47 37
85 40
54 41
85 7
74 4
25 67
9 18
56 0
54 18
56 68
46 80
46 14
32 37
25 77
78 90
38 81
30 54
18 15
59 23
96 65
12 63
25 32
11 70
90 36
12 67
71 9
88 98
14 25
10 87
54 44
4 25
74 55
76 50
33 63
36 81
90 34
12 98
6 37
47 57
39 31
71 72
73 7
45 66
74 18
79 44
81 94
24 58
54 71
15 79
X
94 33
54 29
16 90
49 97
2 45
21 35
62 83
71 80
82 34
55 77
69 6
22 79
61 61
30 18
28 10
55 44
55 27
45 89
17 26
38 71
54 6
68 78
20 25
52 82
43 65
15 25
1 93
6 13
29 36
57 46
20 54
32 38
6 65
24 39
33 25
61 80
79 41
12 9
48 75
32 15
68 93
62 7
46 95
19 7
7 27
48 81
95 86
13 26
61 81
31 31
12 48
62 70
60 73
72 88
3 70
71 59
34 26
75 62
72 42
36 27
69 98
22 87
69 48
56 1
43 64
35 8
17 2
68 63
60 78
55 73
85 19
77 34
7 32
90 98
33 22
23 39
75 63
45 96
51 21
94 81
69 62
82 52
34 74
93 57
79 55
48 35
43 69
35 82
82 90
46 60
84 89
29 83
63 81
62 81
18 56
26 89
73 26
37 46
56 44
50 12
77 83
4 23
5 30
98 69
74 80
33 78
61 72
74 35
75 93
82 55
35 79
49 18
98 17
59 6
46 43
53 75
69 37
24 34
35 15
18 64
51 24
40 16
86 38
12 90
22 63
82 6
67 84
6 43
94 36
45 95
49 42
95 56
14 66
47 87
68 90
56 63
25 28
98 22
75 71
10 27
29 57
69 63
10 75
22 76
40 74
42 62
63 8
75 65
X
97 85
90 33
6 20
27 12
21 79
7 47
90 20
3 73
70 92
71 64
9 41
70 24
47 44
51 7
97 27
4 30
5 88
69 30
88 27
22 19
78 59
49 23
38 27
87 78
17 77
63 11
93 12
37 43
50 49
26 55
34 55
42 45
22 98
23 42
58 6
23 94
2 25
73 94
96 81
41 40
80 50
69 95
97 24
57 86
25 43
17 80
70 59
48 54
69 24
11 17
3 66
1 55
20 9
31 1
22 72
46 37
40 88
29 19
26 25
54 46
42 59
84 35
86 98
29 33
35 26
45 29
46 94
9 36
14 82
2 28
94 13
91 7
54 87
98 41
X
58 18
92 41
42 50
85 91
20 20
76 88
94 90
74 98
14 93
58 10
26 35
94 64
39 77
10 65
15 17
26 21
25 4
21 69
85 34
8 90
66 96
88 25
55 72
19 17
23 97
54 23
98 94
41 77
6 38
17 27
34 70
78 95
41 45
18 21
84 64
43 57
32 42
78 94
26 68
48 93
11 90
31 55
27 67
22 7
39 74
18 7
68 92
75 81
53 95
66 22
72 73
28 73
27 77
89 43
14 36
8 38
59 46
14 20
29 66
23 96
50 2
15 50
92 93
96 86
26 47
98 32
58 56
81 93
50 18
72 61
26 90
77 71
39 89
74 24
54 57
27 30
12 69
57 21
31 69
17 74
20 95
89 15
18 73
59 93
29 76
70 52
83 89
78 65
X
47 18
57 14
59 68
11 66
10 44
57 56
76 73
76 90
76 20
32 23
29 26
61 74
48 30
95 27
80 68
23 52
80 13
73 74
63 27
54 3
79 90
38 87
14 83
88 82
52 3
84 73
53 67
21 74
X
28 16
13 62
65 44
11 76
14 65
7 33
6 77
92 45
65 84
30 89
45 81
13 54
54 89
39 93
41 12
84 8
38 62
80 87
67 44
24 71
63 36
86 59
17 29
47 76
20 66
26 82
79 13
30 28
94 73
18 80
40 34
93 7
60 75
23 54
34 79
48 28
58 72
49 96
42 16
64 19
40 50
76 64
54 76
62 39
86 81
54 47
13 12
19 66
53 78
50 24
9 80
47 17
24 25
58 65
8 26
84 68
25 92
83 6
62 38
62 60
18 82
49 94
81 45
37 42
76 41
19 55
52 96
72 96
9 94
47 71
37 98
82 39
25 57
41 39
97 87
26 34
93 37
92 6
57 42
13 75
37 20
95 46
48 66
45 33
8 81
76 19
61 35
10 54
36 64
80 2
42 42
19 25
56 5
9 86
13 15
7 29
54 97
20 94
8 19
27 9
71 73
84 51
68 25
47 36
70 94
44 35
92 60
3 29
18 8
3 16
48 44
30 47
23 5
77 98
53 40
31 89
80 96
46 17
26 26
18 57
14 47
69 32
77 36
22 53
34 72
X
71 92
77 53
46 81
45 15
91 94
4 72
83 57
4 83
31 47
71 82
59 48
45 47
42 75
67 95
79 36
38 80
87 30
79 56
24 55
76 65
89 85
92 91
36 74
43 47
46 13
20 4
28 66
43 93
66 24
86 55
59 65
72 36
X
60 60
X
20 15
67 24
8 98
10 28
98 47
50 65
63 30
11 45
60 48
54 26
23 6
26 98
98 13
67 53
24 18
87 63
15 66
92 36
57 20
64 58
26 15
6 10
27 47
59 37
21 20
31 8
65 55
1 51
47 93
95 23
4 55
13 93
81 72
24 16
97 21
37 85
13 37
15 89
19 20
84 19
69 49
7 35
81 18
21 95
84 57
90 97
12 40
21 19
11 63
13 56
49 20
X
30 90
89 26
54 19
12 65
30 42
64 27
49 69
7 95
37 82
5 4
57 59
39 61
72 24
93 90
43 92
87 64
42 88
77 59
70 72
52 9
52 7
77 76
31 70
42 49
89 18
84 67
73 60
48 17
19 19
4 61
95 76
64 81
65 53
86 8
2 90
45 77
17 22
80 8
14 26
0 66
38 92
X
36 92
44 94
2 92
33 51
4 48
19 6
49 15
40 19
96 54
9 47
20 78
2 65
83 90
85 43
84 88
68 23
17 60
22 70
71 97
67 59
81 26
35 89
25 56
58 3
20 74
7 72
41 74
84 84
70 81
53 73
85 36
44 21
76 94
13 60
12 85
44 91
58 53
3 72
15 98
86 23
34 80
20 33
73 62
55 14
53 84
38 23
75 48
19 40
82 81
13 98
76 13
49 89
70 43
8 16
25 86
66 51
65 56
9 87
14 28
47 51
41 59
76 60
83 5
33 35
6 83
31 48
20 75
19 83
31 80
84 95
98 64
22 81
60 89
95 54
88 91
27 80
92 27
73 31
60 18
35 83
98 24
86 6
55 47
98 81
25 26
92 64
47 96
50 59
14 97
70 42
28 28
85 8
93 80
32 79
27 27
88 23
22 74
27 29
84 81
87 81
14 70
63 53
51 57
27 10
88 81
97 65
21 25
41 85
87 98
71 95
26 23
28 15
X
80 15
61 28
64 25
49 74
30 25
31 36
36 14
64 38
27 5
9 81
21 66
7 98
55 71
65 89
70 63
95 55
79 21
75 82
82 56
11 46
1 82
15 86
76 62
30 8
74 62
82 93
95 32
23 98
64 48
19 89
73 63
70 26
3 63
X
38 63
75 17
72 10
77 15
21 98
74 39
96 85
45 45
53 26
36 40
81 98
18 60
5 68
48 72
74 95
76 2
53 72
10 18
71 90
20 43
25 20
30 82
95 81
72 38
15 8
54 50
63 45
36 82
46 44
65 61
81 19
38 55
55 45
72 19
42 57
94 4
45 62
36 32
3 54
47 46
38 28
44 66
60 39
66 55
66 25
23 12
80 85
28 8
86 14
71 96
16 61
7 30
65 42
20 44
86 30
2 19
22 48
74 49
91 86
72 48
44 39
57 12
27 52
43 85
63 79
70 93
39 39
98 34
12 73
1 70
8 89
75 61
6 29
45 90
3 93
19 35
41 56
73 27
3 18
15 47
40 52
37 81
74 60
6 75
24 70
41 79
3 81
22 39
70 73
42 39
41 18
88 65
13 96
13 9
63 94
73 56
78 96
51 39
22 35
65 54
23 17
73 55
38 75
85 78
0 94
36 38
46 77
23 25
8 10
70 96
65 39
52 64
94 76
64 90
92 5
11 37
73 30
25 36
56 57
68 89
88 90
97 38
98 88
58 66
20 35
95 36
56 86
73 45
35 38
73 2
15 72
19 11
60 16
76 81
5 66
13 47
66 98
10 98
4 65
5 9
79 65
52 22
50 64
60 80
89 82
24 61
37 29
24 33
53 49
85 11
77 42
5 65
33 93
3 59
22 71
73 89
62 78
94 63
88 12
23 8
11 97
73 25
46 92
97 25
46 56
12 68
50 47
21 63
83 19
X
6 36
74 17
42 60
41 8
17 33
48 82
21 40
93 6
66 7
58 92
39 29
41 47
66 20
81 70
49 59
22 57
91 85
91 24
61 41
77 70
50 45
31 42
84 21
34 39
38 79
58 32
4 89
89 52
81 71
81 73
97 3
50 86
46 42
8 92
97 26
17 78
73 49
1 9
70 62
56 56
29 10
39 10
77 43
23 43
49 46
63 49
94 23
82 17
83 18
57 10
56 60
96 72
27 42
56 47
X
77 10
38 12
93 41
79 9
30 55
4 17
20 23
67 7
9 72
59 57
26 54
3 64
40 76
24 28
96 9
X
77 73
15 13
39 65
75 94
66 9
35 80
27 20
74 0
24 88
25 44
3 9
64 98
60 27
98 53
29 73
12 10
87 95
4 19
4 74
31 45
46 48
76 89
8 5
23 20
63 65
75 73
10 97
49 80
44 75
19 34
69 31
50 34
69 82
20 18
34 34
9 26
7 64
94 35
51 54
89 93
93 42
16 98
97 55
16 57
68 95
74 71
56 80
66 26
19 22
50 27
62 76
95 80
59 18
74 27
52 8
X
11 9
3 96
74 72
62 10
8 65
68 37
41 55
28 44
10 9
20 65
43 76
33 20
11 29
43 24
81 89
26 39
51 5
75 80
11 55
27 62
5 52
67 8
87 57
79 32
15 82
80 44
13 94
23 27
71 26
12 19
32 33
49 76
55 10
8 63
34 57
67 31
15 19
90 93
59 55
85 77
59 89
73 58
9 19
71 81
57 60
5 27
70 74
25 52
35 73
51 74
98 54
37 79
41 50
56 82
75 55
25 90
96 24
92 37
14 48
96 93
7 55
83 50
32 19
96 70
4 54
66 10
81 46
28 9
81 17
32 28
74 89
89 81
66 73
68 96
96 28
48 48
25 80
98 25
16 34
2 33
82 8
51 64
59 47
38 73
73 81
12 92
83 47
12 55
56 45
73 22
92 16
38 36
77 65
86 15
63 93
2 10
75 89
45 39
50 36
8 9
64 28
14 37
32 81
80 33
39 55
8 70
55 20
82 69
26 10
71 30
49 79
70 29
39 62
69 89
42 66
89 90
3 6
25 38
12 20
42 19
96 25
43 8
89 65
1 52
90 95
50 82
29 2
83 81
9 48
75 54
15 68
83 10
71 24
46 47
35 57
21 34
33 86
51 58
34 7
64 82
95 15
12 88
9 39
67 23
43 50
88 94
33 89
98 65
77 50
15 75
86 45
72 44
23 19
96 46
81 69
75 45
41 21
48 90
6 56
58 95
49 11
X
87 37
X
9 98
32 47
73 46
67 80
10 71
55 94
21 62
42 89
73 32
98 80
65 7
81 91
17 64
48 74
97 63
4 95
91 50
10 16
14 71
45 27
22 91
22 33
7 20
50 46
16 29
58 34
51 17
12 28
5 32
32 97
46 52
17 18
88 45
64 63
6 28
14 73
38 90
32 29
88 70
X
4 21
27 32
98 8
80 10
44 95
12 78
38 74
61 76
15 37
8 75
34 64
70 50
64 95
73 82
90 45
74 73
90 69
61 48
90 85
4 66
48 18
41 7
86 44
76 51
70 36
42 58
31 74
80 4
48 89
28 84
78 85
56 81
6 50
88 17
48 16
46 16
57 24
83 17
23 81
98 86
17 65
18 17
48 97
12 83
X
26 40
8 28
29 46
45 17
X
88 8
84 24
19 76
74 38
82 98
74 45
59 28
72 27
71 27
79 19
54 95
38 56
20 7
95 98
3 28
29 20
56 39
9 23
52 54
28 46
33 29
74 36
85 30
41 19
12 23
20 60
84 25
7 61
63 19
46 20
77 60
66 63
81 8
19 41
55 11
22 64
52 48
41 23
47 47
49 54
15 9
36 25
11 58
66 56
15 80
55 41
47 95
42 43
78 55
83 65
50 66
55 15
63 61
19 13
10 10
36 57
58 9
10 56
16 55
80 9
40 39
43 19
38 84
44 9
25 29
72 71
43 25
37 95
30 24
82 10
9 20
33 46
66 80
52 76
24 29
21 65
60 72
67 10
53 87
77 62
66 95
36 28
96 3
89 84
45 8
94 43
51 71
20 79
62 27
14 55
44 80
50 81
87 16
7 17
67 9
35 74
19 69
95 63
51 81
32 70
13 83
97 72
36 94
91 6
50 33
40 42
79 82
36 47
41 5
28 81
91 36
31 29
X
X
X
X
X
X
X
X
X
X
X
X
X
X
X
X
X
X
X
X
X
X
X
X
X
X
X
X
X
X
X
X
X
X
X
X
X
X
X
X
X
X
X
X
X
X
X
X
X
X
X
X
X
X
X
X
X
X
X
X
X
X
X
X
X
X
X
X
X
X
X
X
X
X
X
X
X
X
X
X
X
X
X
X
X
X
X
X
X
X
X
X
X
X
X
X
X
X
X
X
X
X
X
X
X
X
X
X
X
X
X
X
X
X
X
X
X
X
X
X
X
X
X
X
X
X
X
X
X
X
X
X
X
X
X
X
X
X
X
X
X
X
X
X
X
X
X
X
X
X
X
X
X
X
X
X
X
X
X
X
X
X
X
X
X
X
X
X
X
X
X
X
X
X
X
X
X
X
X
X
X
X
X
X
X
X
X
X
X
X
X
X
X
X
X
X
X
X
X
X
X
X
X
X
X
X
X
X
X
X
X
X
X
X
X
X
X
X
X
X
X
X
X
X
X
X
X
X
X
X
X
X
X
X
X
X
X
X
X
X
X
X
X
X
X
X
X
X
X
X
X
X
X
X
X
X
X
X
X
X
X
X
X
X
X
X
X
X
X
X
X
X
X
X
X
X
X
X
X
X
X
X
X
X
X
X
X
X
X
X
X
X
X
X
X
X
X
X
X
X
X
X
X
X
X
X
X
X
X
X
X
X
X
X
X
X
X
X
X
X
X
X
X
X
X
X
X
X
X
X
X
X
X
X
X
X
X
X
X
X
X
X
X
X
X
X
X
X
X
X
X
X
X
X
X
X
X
X
X
X
X
X
X
X
X
X
X
X
X
X
X
X
X
X
X
X
X
X
X
X
X
X
X
X
X
X
X
X
X
X
X
X
X
X
X
X
X
X
X
X
X
X
X
X
X
X
X
X
X
X
X
X
X
X
X
X
X
X
X
X
X
X
X
X
X
X
X
X
X
X
X
X
X
X
X
X
X
X
X
X
X
X
X
X
X
X
X
X
X
X
X
X
X
X
X
X
X
X
X
X
X
X
X
X
X
X
X
X
X
X
X
X
X
X
X
X
X
X
X
X
X
X
X
X
X
X
X
X
X
X
X
X
X
X
X
X
X
X
X
X
X
X
X
X
X
X
X
X
X
X
X
X
X
X
X
X
X
X
X
X
X
X
X
X
X
X
X
X
X
X
X
X
X
X
X
X
X
X
X
X
X
X
X
X
X
X
X
X
X
X
X
X
X
X
X
X
X
X
X
X
X
X
X
X
X
X
X
X
X
X
X
X
X
X
X
X
X
X
X
X
X
X
X
X
X
X
X
X
X
X
X
X
X
X
X
X
X
X
X
X
X
X
X
X
X
X
X
X
X
X
X
X
X
X
X
X
X
X
X
X
X
X
X
X
X
X
X
X
X
X
X
X
X
X
X
X
X
X
X
X
X
X
X
X
X
X
X
X
X
X
X
X
X
X
X
X
X
X
X
X
X
X
X
X
X
X
X
X
X
X
X
X
X
X
X
X
X
X
X
X
X
X
X
X
X
X
X
X
X
X
X
X
X
X
X
X
X
X
X
X
X
X
X
X
X
X
X
X
X
X
X
X
X
X
X
X
X
X
X
X
X
X
X
X
X
X
X
X
X
X
X
X
X
X
X
X
X
X
X
X
X
X
X
X
X
X
X
X
X
X
X
X
X
X
X
X
X
X
X
X
X
X
X
X
X
X
X
X
X
X
X
X
X
X
X
X
X
X
X
X
X
X
X
X
X
X
X
X
X
X
X
X
X
X
X
X
X
X
X
X
X
X
X
X
X
X
X
X
X
X
X
X
X
X
X
X
X
X
X
X
X
X
X
X
X
X
X
X
X
X
X
X
X
X
X
X
X
X
X
X
X
X
X
X
X
X
X
X
X
X
X
X
X
X
X
X
X
X
X
X
X
X
X
X
X
X
X
X
X
X
X
X
X
X
X
X
X
X
X
X
X
X
X
X
X
X
X
X
X
X
X
X
X
X
X
X
X
X
X
X
X
X
X
X
X
X
X
X
X
X
X
X
X
X
X
X
X
X
X
X
X
X
X
X
X
X
X
X
X
X
X
X
X
X
X
X
X
X
X
X
X
X
X
X
X
X
X
X
X
X
X
X
X
X
X
X
X
X
X
X
X
X
X
X
X
X
X
X
X
X
X
X
X
X
X
X
X
X
X
X
X
X
X
X
X
X
X
X
X
X
X
X
X
X
X
X
X
X
X
X
X
X
X
X
X
X
X
X
X
X
X
X
X
X
X
X
X
X
X
X
X
X
X
X
X
X
X
X
X
X
X
X
X
X
X
X
X
X
X
X
X
X
X
X
X
X
X
X
X
X
X
X
X
X
X
X
X
X
X
X
X
X
X
X
X
X
X
X
X
X
X
X
X
X
X
X
X
X
X
X
X
X
X
X
X
X
X
X
X
X
X
X
X
X
X
X
X
X
X
X
X
X
X
X
X
X
X
X
X
X
X
X
X
X
X
X
X
X
X
X
X
X
X
X
X
X
X
X
X
X
X
X
X
X
X
X
X
X
X
X
X
X
X
X
X
X
X
X
X
X
X
X
X
X
X
X
X
X
X
X
X
X
X
X
X
X
X
X
X
X
X
X
X
X
X
X
X
X
X
X
X
X
X
X
X
X
X
X
X
X
X
X
X
X
X
X
X
X
X
X
X
X
X
X
X
X
X
