59 1
74 1
79 1
81 1
83 1
87 1
89 1
126 1
129 1
155 1
157 1
9 2
41 2
45 2
69 2
128 2
158 2
164 2
179 2
191 2
43 3
53 3
59 3
62 3
74 3
157 3
75 1
167 3
9 4
41 4
60 1
54 3
61 4
76 4
164 4
178 4
182 4
191 4
17 5
29 5
45 5
48 5
98 5
180 5
12 4
192 5
165 2
33 5
9 6
44 6
62 6
65 6
75 6
102 6
79 4
113 6
117 6
148 6
172 6
175 6
17 7
48 7
55 7
64 7
86 7
98 7
79 3
100 7
147 7
171 7
99 5
19 8
195 5
21 8
60 8
62 8
113 8
116 8
126 8
149 8
155 8
174 8
188 8
130 1
191 8
11 9
126 2
45 9
83 2
47 9
113 9
120 9
60 3
135 9
81 2
137 9
147 9
150 9
192 9
6 10
13 10
41 10
44 10
116 10
174 10
188 10
191 10
9 11
61 11
63 11
65 11
162 11
175 11
42 10
8 12
23 12
83 4
77 12
79 12
96 12
99 12
11 13
61 13
95 13
106 13
109 13
120 13
126 13
158 13
10 14
12 14
49 14
51 14
64 14
55 3
181 2
98 14
139 14
157 14
8 15
39 15
117 8
192 11
42 15
55 15
97 15
109 15
165 4
156 15
7 16
22 16
192 12
160 14
182 2
26 16
65 16
136 16
150 16
176 16
178 16
20 17
32 17
45 7
41 17
84 17
86 17
99 17
56 7
101 17
41 5
106 17
110 17
145 17
19 18
69 3
87 18
100 18
135 18
138 18
148 18
151 18
158 18
169 18
173 6
75 3
187 18
155 3
190 18
32 19
11 4
41 19
11 6
65 19
84 19
96 19
90 1
117 12
134 19
181 5
147 19
97 12
150 19
162 19
189 19
71 3
81 3
51 20
54 20
56 20
66 20
137 20
187 20
76 5
17 9
2 21
20 21
23 21
53 21
79 2
55 16
55 21
57 21
146 21
148 21
170 21
81 4
189 21
191 21
1 22
127 9
180 2
6 22
91 22
93 22
137 22
151 9
145 22
83 3
117 10
147 22
53 23
55 23
130 3
95 23
122 23
146 23
13 24
21 24
23 24
99 24
21 5
155 5
7 10
102 24
18 5
113 24
117 24
5 25
24 25
105 25
10 2
122 25
182 25
4 26
17 26
21 26
28 26
34 26
113 26
138 9
129 26
167 26
102 18
10 4
170 26
177 26
24 27
38 27
40 27
49 27
74 27
76 27
84 27
101 27
103 27
115 27
192 10
117 27
182 5
125 27
130 27
63 3
169 27
90 8
74 4
80 14
181 27
125 12
99 28
114 28
116 28
122 28
149 28
5 29
33 29
53 29
172 26
56 3
53 4
77 29
88 29
91 1
142 29
158 29
160 29
182 29
46 2
192 29
49 30
48 2
61 5
87 30
94 30
128 30
178 30
194 30
196 30
32 31
187 21
35 31
31 8
62 31
49 2
76 31
55 17
104 31
122 31
126 31
170 31
20 32
29 32
51 32
67 32
47 3
85 32
87 32
96 32
145 32
169 32
177 32
34 33
89 33
107 17
62 1
95 33
117 7
192 14
142 33
114 6
170 33
166 4
21 34
105 34
108 34
111 34
20 35
8 26
87 3
53 35
55 35
57 35
62 35
104 35
107 35
109 35
51 27
125 35
121 13
178 35
182 35
188 35
192 35
11 36
38 36
44 36
78 36
108 36
142 36
145 36
158 36
162 36
47 2
106 19
76 37
118 37
195 4
192 2
151 37
178 37
184 37
191 37
106 38
22 17
108 38
42 5
112 38
117 9
117 38
121 38
23 8
131 38
155 38
180 3
161 38
168 38
171 38
86 9
180 38
182 38
53 5
160 15
17 8
192 38
1 39
127 10
42 39
45 39
175 7
76 39
79 39
110 39
22 5
120 39
151 39
170 39
178 39
80 12
188 39
191 39
11 40
7 11
13 40
121 9
23 40
189 22
41 40
49 40
19 5
139 9
54 40
66 40
69 40
188 22
91 40
94 40
133 40
141 40
145 40
159 40
2 41
39 41
45 41
147 40
53 41
155 2
90 41
53 27
120 41
138 41
105 36
54 5
76 1
158 41
170 41
190 41
14 42
180 39
96 14
38 42
174 30
130 2
49 42
133 42
155 42
161 42
1 43
3 43
13 43
17 43
42 43
44 43
51 43
100 5
53 43
11 10
118 43
151 43
154 43
16 44
41 44
128 3
68 44
70 44
81 44
31 5
138 44
63 45
76 45
83 45
124 45
126 45
6 46
175 8
16 46
24 46
28 46
41 46
127 8
43 46
65 46
67 46
167 46
171 46
190 46
17 47
26 47
47 47
63 47
103 47
115 47
66 5
118 47
128 47
128 4
6 48
14 48
71 6
65 48
70 48
83 48
130 4
168 48
179 48
95 24
182 48
90 10
192 46
191 48
193 48
25 49
31 49
26 12
44 49
64 49
152 49
66 14
64 1
172 49
190 49
9 50
51 50
54 50
63 50
96 50
119 50
179 50
182 50
193 50
13 51
15 51
53 14
25 51
104 37
10 11
37 51
127 11
155 4
50 51
77 51
179 16
90 51
106 15
95 51
161 30
105 51
115 51
118 51
125 51
28 52
48 52
54 52
89 2
97 52
110 13
127 52
126 3
174 29
88 7
140 9
130 52
141 52
120 15
145 52
153 52
162 12
159 52
168 52
174 52
180 52
182 52
20 5
191 52
85 35
194 52
16 53
12 2
38 53
47 53
88 53
152 53
155 53
157 53
194 46
89 3
171 53
179 53
183 53
49 54
51 54
53 54
166 2
77 54
194 48
131 54
134 54
11 11
142 54
147 54
56 6
99 8
159 54
151 22
80 13
16 55
164 6
38 55
50 55
146 17
54 55
105 55
108 55
110 55
141 55
68 56
80 56
85 56
70 3
120 56
122 56
132 56
146 56
20 9
154 56
158 56
164 56
168 56
191 56
159 21
194 56
110 57
119 57
167 4
125 57
131 57
147 57
141 9
197 57
5 58
56 58
78 58
80 58
107 58
21 9
133 58
169 58
176 58
12 3
68 59
70 59
72 59
74 59
55 32
32 5
79 27
77 59
104 59
106 59
121 59
141 59
55 40
188 12
193 59
195 59
6 52
1 24
8 13
19 60
72 6
21 60
78 60
101 60
105 60
120 60
122 60
148 53
88 10
157 60
106 18
171 51
161 15
165 60
177 60
49 4
58 61
60 61
74 60
136 18
104 61
156 61
171 61
173 61
176 61
5 62
21 62
38 62
56 62
91 62
175 9
97 62
130 62
30 63
99 19
82 4
11 2
32 63
72 63
96 63
194 50
148 9
128 63
132 63
128 23
49 5
46 64
16 48
103 64
105 64
143 64
147 64
23 65
49 3
38 65
42 65
45 65
129 65
168 65
172 65
186 65
98 8
100 19
129 4
189 65
30 66
117 11
33 66
96 66
188 66
11 67
22 9
14 67
16 67
21 67
23 67
59 62
45 67
52 67
54 67
173 46
93 67
127 13
192 22
98 67
112 32
57 32
116 67
120 67
124 67
156 8
127 67
145 67
147 67
164 5
83 68
102 68
107 68
126 68
148 68
155 68
14 69
120 10
40 69
92 69
120 69
178 69
10 6
21 17
181 69
13 70
39 70
69 70
156 5
83 70
117 70
126 70
134 70
154 70
55 33
177 70
4 71
81 30
16 70
64 71
146 18
71 71
182 3
105 71
13 72
55 5
158 5
28 72
82 72
86 72
94 22
168 72
102 70
170 72
177 72
86 35
7 73
12 73
18 73
114 10
27 73
127 4
30 73
34 73
36 73
55 73
89 7
79 73
105 73
41 48
57 33
185 73
85 34
135 10
188 73
17 74
34 66
179 17
40 74
50 74
121 74
139 74
141 74
159 74
162 74
57 74
168 74
7 75
35 75
150 21
52 75
76 49
162 15
54 75
111 75
140 75
147 75
110 15
161 75
171 75
11 76
17 76
34 76
37 76
40 76
193 2
57 76
139 76
146 76
159 76
165 76
174 76
188 76
91 3
30 74
6 77
50 77
66 13
83 77
49 16
140 77
148 77
103 28
161 77
24 78
124 78
19 6
66 11
159 78
120 14
175 78
177 78
188 78
15 79
28 79
93 79
125 79
87 2
176 79
179 79
16 80
74 80
77 80
114 80
116 80
124 80
12 5
140 80
179 18
143 80
168 63
156 57
24 81
27 81
79 31
76 81
83 81
94 81
56 5
158 15
96 81
139 81
101 19
120 43
22 18
130 24
124 23
141 81
118 80
42 82
93 82
152 82
47 55
162 82
175 82
192 82
69 4
113 12
21 83
63 6
41 83
56 83
96 83
114 83
87 83
118 83
13 11
142 83
168 76
161 83
166 83
141 10
38 68
41 77
158 4
7 84
27 84
61 1
49 84
107 84
124 84
149 6
153 84
12 85
13 46
44 77
43 85
59 85
80 49
110 59
122 85
87 84
125 23
164 85
21 86
110 77
23 86
187 22
25 86
40 86
49 6
83 72
44 86
52 86
69 86
73 86
81 86
109 86
152 86
26 80
85 68
160 60
34 54
167 86
191 86
7 87
10 87
24 87
55 41
26 87
93 83
30 87
171 18
37 87
59 87
71 87
170 87
13 88
33 88
41 88
64 31
171 8
52 88
51 78
81 88
98 88
191 22
102 88
147 88
55 42
57 78
186 88
148 78
193 88
32 89
69 89
45 6
74 89
91 89
104 89
114 89
144 54
116 89
107 88
124 89
136 89
154 89
170 89
185 89
51 90
98 90
118 90
123 90
19 9
148 90
180 90
186 90
139 83
1 91
3 91
11 91
30 91
41 91
158 61
171 9
70 91
2 25
172 10
92 91
65 14
100 91
13 26
158 20
102 91
104 91
117 91
136 91
91 4
6 11
3 25
138 91
22 36
147 91
73 6
175 91
190 74
185 91
91 92
124 87
23 26
149 92
178 92
23 63
187 92
13 93
61 93
80 32
63 93
69 93
84 93
8 74
49 10
106 75
166 6
66 76
92 93
53 6
89 58
117 93
151 93
13 47
153 93
159 93
177 93
192 13
78 48
193 93
53 88
172 47
196 93
27 94
43 94
78 16
88 94
142 94
180 94
40 15
1 95
39 44
3 95
33 95
179 71
41 95
87 95
114 95
71 4
117 95
137 95
141 95
165 6
143 95
13 12
150 95
33 31
181 95
194 95
196 95
74 96
76 96
101 28
193 96
29 97
31 97
6 13
62 97
87 97
165 88
95 97
82 88
102 97
6 12
95 14
171 10
169 20
124 97
175 97
5 98
32 98
65 77
14 27
43 98
77 98
84 98
13 89
88 69
89 10
99 98
109 98
13 45
132 98
145 19
137 98
98 19
95 25
87 99
49 89
79 16
95 99
78 47
64 15
159 13
126 99
41 70
5 100
70 56
8 100
21 100
53 100
77 100
97 82
153 86
114 12
138 100
167 100
120 11
157 15
169 100
55 74
186 100
188 100
158 8
19 101
22 101
52 101
84 101
66 1
56 84
104 101
44 76
110 101
7 14
6 23
12 90
137 101
154 101
157 101
171 11
166 101
178 101
130 29
181 101
190 101
6 102
8 102
43 70
12 102
65 102
107 19
193 82
75 102
78 102
142 102
147 102
48 10
126 4
168 102
175 76
175 102
97 33
177 102
179 102
84 88
183 102
119 24
171 12
152 16
186 102
188 11
5 103
24 15
16 103
76 90
29 103
167 6
85 73
90 103
132 103
61 14
135 103
109 19
159 103
68 36
121 76
6 104
20 104
45 104
53 104
55 104
71 88
87 7
86 104
88 104
119 104
134 104
157 104
22 26
49 15
179 104
182 104
160 18
189 104
33 105
67 105
69 105
75 105
118 105
33 17
133 105
179 81
136 105
69 6
138 105
30 5
144 105
146 105
106 77
156 105
15 106
34 17
48 106
54 106
88 59
65 106
13 13
102 106
137 72
169 106
190 67
176 106
56 85
182 106
80 16
87 68
188 106
12 107
76 107
91 107
66 12
39 91
97 107
121 107
158 107
175 107
126 14
81 32
14 108
122 10
35 108
48 108
173 12
161 31
75 108
86 108
101 108
102 7
119 108
136 108
42 17
108 88
177 108
179 108
157 10
181 108
109 88
34 109
36 109
49 109
106 31
57 109
64 96
83 83
92 109
36 107
131 109
7 110
10 110
45 110
158 63
45 107
47 110
136 71
50 79
91 110
97 110
108 110
111 110
8 16
137 110
65 8
158 110
35 17
78 107
169 110
86 111
103 111
110 111
127 111
38 112
130 25
43 112
12 15
88 112
8 72
136 112
22 32
49 7
42 113
97 83
98 91
44 113
100 12
50 113
96 79
53 113
86 113
123 107
108 113
19 62
95 85
111 113
35 32
160 20
159 107
27 75
86 8
123 113
91 2
132 113
49 17
71 75
134 113
137 113
193 113
160 107
8 114
75 7
24 114
38 114
52 114
172 30
63 114
66 114
159 96
86 10
131 114
172 12
133 114
145 114
188 114
14 115
18 115
189 8
31 115
163 107
40 115
43 48
191 18
44 115
189 12
65 115
85 71
55 18
150 115
162 115
189 115
108 19
16 116
20 116
158 3
87 4
27 116
23 35
39 116
66 116
89 4
84 75
76 48
161 116
4 117
7 117
26 117
52 117
121 10
55 117
65 117
31 66
108 73
146 117
176 117
188 13
180 117
188 117
8 118
159 18
18 118
145 18
20 118
29 118
31 118
12 11
53 118
56 118
150 20
159 110
81 29
192 40
91 118
108 118
144 118
149 118
190 118
7 119
176 91
61 15
24 119
59 4
42 119
63 48
46 119
51 119
189 78
55 119
53 7
68 119
75 119
77 119
86 119
107 119
176 76
147 89
125 119
135 119
141 119
179 19
70 19
108 111
161 96
27 12
168 119
130 68
24 12
42 50
179 119
57 107
8 120
90 7
124 74
93 23
43 74
65 120
17 78
77 14
70 120
107 72
91 120
120 120
156 120
178 120
181 120
17 121
28 121
103 99
64 121
86 81
75 121
79 121
130 28
138 108
93 121
169 107
137 121
127 122
119 26
93 25
181 90
88 4
79 122
171 122
182 122
4 123
24 123
31 123
41 123
160 31
44 123
159 120
103 123
106 123
122 123
101 5
158 123
170 123
143 81
177 123
158 33
151 16
181 123
7 27
100 24
183 123
20 124
38 124
40 124
78 49
51 124
62 15
86 124
124 124
56 108
161 124
13 27
78 81
180 124
122 121
172 107
70 16
25 125
27 125
41 125
190 14
172 110
31 87
149 18
50 125
113 10
54 125
70 125
72 125
104 107
79 125
38 126
115 95
43 126
139 99
52 14
100 14
78 126
155 10
100 16
72 56
178 27
26 78
120 126
126 10
132 126
189 126
34 19
191 126
195 126
24 127
27 127
31 127
50 127
34 18
169 46
60 127
105 127
15 24
36 77
104 24
52 20
136 127
158 127
9 128
97 19
88 114
27 85
14 24
53 78
13 128
42 128
59 128
45 108
63 128
77 13
124 31
88 8
10 128
73 128
81 128
72 88
135 128
152 17
189 128
150 17
104 99
24 129
27 129
78 129
91 129
188 18
3 21
77 49
93 129
120 129
152 19
4 94
15 108
136 129
78 29
41 50
158 129
39 16
70 76
77 27
23 5
163 108
160 129
188 14
35 20
103 51
191 129
73 91
193 129
2 130
9 130
99 130
101 130
109 130
57 22
135 130
145 130
162 130
102 100
175 130
189 130
87 119
13 131
67 131
191 88
69 131
71 131
74 131
93 131
100 131
102 131
104 131
193 18
6 14
143 82
120 123
179 29
145 30
136 131
19 19
148 131
178 131
12 132
165 90
23 13
120 108
21 27
80 27
15 132
67 116
94 132
122 132
124 132
6 131
146 132
168 132
103 50
176 132
36 18
17 133
50 18
42 133
81 89
75 133
113 11
91 133
100 133
8 75
152 133
121 129
31 55
104 39
154 133
157 133
159 133
170 133
175 133
59 130
189 100
178 133
22 134
27 134
56 134
58 134
52 69
37 88
71 134
74 134
98 134
102 134
176 130
111 134
180 122
145 134
147 134
151 134
78 14
77 15
104 92
166 134
41 7
13 135
52 120
130 71
35 135
37 135
23 6
42 135
36 17
51 135
81 54
20 63
70 135
43 50
21 102
152 135
103 25
152 20
53 115
169 47
76 91
160 135
48 110
91 122
24 136
27 136
34 136
104 38
161 21
74 136
9 131
88 9
79 136
81 136
15 27
63 31
159 127
71 102
83 136
93 136
84 99
151 136
161 136
183 136
36 54
160 63
3 137
6 137
60 84
23 33
181 124
73 88
43 133
89 54
21 36
16 137
22 137
61 128
144 102
132 128
118 84
37 137
70 6
68 20
136 11
155 82
43 137
75 137
145 54
98 92
92 137
6 25
95 137
44 50
107 13
160 137
79 49
34 138
85 99
58 138
172 33
69 138
167 88
71 138
63 8
47 10
140 10
73 138
33 6
171 20
82 138
76 28
190 102
110 138
116 12
134 138
23 68
137 138
122 111
32 26
169 138
180 35
86 29
4 95
176 138
182 138
185 138
161 33
3 139
109 121
177 27
11 139
35 139
175 139
184 139
2 133
140 12
157 135
8 52
30 33
10 140
83 84
125 11
76 83
152 18
81 140
84 140
106 140
116 140
133 140
5 141
12 141
53 70
178 76
138 20
93 140
179 27
134 20
9 103
8 77
193 29
51 21
32 56
28 141
66 3
103 141
10 111
136 141
173 141
6 24
146 122
126 23
122 109
176 141
184 141
186 141
161 134
151 6
189 141
10 142
59 6
39 142
80 142
93 122
112 142
183 109
120 121
151 28
121 142
154 142
84 21
172 142
37 77
183 142
6 98
192 142
195 142
120 132
152 22
85 19
34 143
151 95
52 18
165 91
192 31
61 143
83 143
177 140
39 18
69 8
160 120
116 143
117 140
145 29
127 35
173 138
88 101
119 143
141 143
52 141
64 74
157 143
170 143
135 132
40 128
93 24
176 143
87 19
143 143
191 77
51 144
55 144
51 23
162 21
104 144
78 27
55 75
102 28
126 89
109 31
133 144
61 129
135 144
169 144
76 92
41 145
62 145
76 145
87 145
119 145
70 46
35 56
115 6
124 145
107 31
125 10
11 80
136 73
145 145
171 145
173 145
58 135
140 11
195 145
4 146
131 50
6 146
7 98
121 77
10 146
123 23
56 135
42 121
91 112
51 139
122 112
12 146
14 89
136 144
28 146
60 86
168 40
20 36
51 146
179 28
16 108
61 146
77 16
71 146
24 140
133 146
36 20
152 55
136 146
63 15
134 22
107 121
135 126
82 86
176 146
193 146
21 147
189 77
25 147
125 37
74 86
49 18
112 34
193 20
93 112
122 125
192 18
31 147
179 77
54 147
36 139
98 147
155 144
110 142
150 118
110 18
176 18
152 90
191 19
102 147
109 147
36 56
16 24
125 147
106 39
19 103
20 148
54 18
40 148
136 148
92 120
121 15
67 136
121 79
118 91
193 78
8 149
11 149
118 85
31 149
144 119
78 149
87 149
103 149
107 124
111 149
113 149
18 125
175 92
94 43
124 149
148 149
21 150
49 150
158 31
109 113
172 31
55 150
67 139
112 150
125 75
74 87
124 60
189 143
135 150
141 150
78 109
4 151
169 121
15 25
127 23
11 151
184 38
71 150
1 92
19 151
87 20
158 19
140 13
115 12
23 151
148 144
178 20
70 8
54 151
56 151
32 103
119 151
115 24
30 75
122 151
65 103
9 30
104 109
91 111
184 151
187 151
16 152
20 152
31 152
74 83
99 111
99 25
71 152
7 52
102 152
121 152
157 5
5 27
109 122
115 53
152 21
137 152
153 90
162 152
166 152
183 152
69 103
172 138
33 7
57 85
6 153
8 153
118 24
10 153
19 153
38 56
81 31
49 153
52 153
20 122
99 153
71 89
133 103
123 153
163 109
105 31
128 153
156 153
16 154
48 154
51 154
85 154
67 132
88 154
121 154
52 51
129 23
104 112
137 154
175 93
164 154
54 14
174 154
193 118
192 52
186 154
41 155
31 26
92 40
49 155
82 141
154 86
64 76
9 52
55 155
59 155
80 29
57 24
10 114
63 155
142 103
79 29
66 155
151 137
140 45
56 78
117 25
96 85
87 155
158 155
89 112
35 103
45 156
148 103
168 53
125 59
48 156
65 156
96 156
29 108
129 156
166 153
63 1
190 156
192 156
50 157
52 157
99 88
73 147
101 111
177 130
183 154
13 132
113 27
54 157
56 157
67 157
31 6
127 27
66 15
74 157
79 157
74 147
34 20
178 5
12 148
85 157
21 153
87 157
110 14
140 153
127 71
177 28
67 20
99 157
108 157
176 157
178 157
79 32
136 74
30 28
13 133
184 142
42 158
123 10
48 158
32 87
93 85
124 130
59 158
43 128
63 158
77 56
78 56
66 158
35 54
86 158
95 158
9 26
166 103
98 31
57 83
103 158
120 158
123 26
46 108
147 158
150 158
164 158
192 30
29 26
192 158
174 155
135 72
173 26
31 116
76 150
62 159
156 121
172 27
105 159
109 159
129 159
168 159
29 160
41 160
168 26
98 156
70 86
79 30
103 88
59 160
137 102
108 160
110 160
88 147
123 160
140 160
148 160
42 123
31 153
124 129
150 160
33 153
28 81
31 108
120 144
86 101
172 160
160 36
119 25
59 129
191 160
135 11
30 27
1 161
3 161
40 161
150 6
78 147
44 161
73 161
81 126
104 33
189 14
50 84
187 143
151 21
143 83
177 141
83 161
120 161
122 126
193 22
130 161
142 90
108 122
14 76
183 31
132 161
86 102
55 145
142 45
106 14
145 20
12 142
145 118
49 8
138 161
120 37
34 145
10 112
150 75
15 133
138 75
123 31
147 161
124 113
45 136
64 116
175 95
135 140
190 120
114 24
108 39
53 15
148 158
181 30
194 78
104 36
166 161
138 109
43 162
178 18
163 152
61 162
63 162
141 120
31 91
119 27
70 162
87 162
51 80
84 20
88 122
5 30
117 162
58 139
186 136
53 139
184 27
152 56
97 16
121 162
143 150
78 150
4 120
128 84
98 33
129 162
66 16
52 136
180 91
13 15
156 10
178 155
3 163
183 25
29 163
32 163
48 163
81 27
85 21
51 163
12 108
127 85
149 30
169 103
4 119
81 56
62 163
37 89
13 136
42 75
109 163
114 163
42 36
132 163
159 156
40 164
43 164
51 18
41 86
50 164
62 143
162 121
163 94
73 163
86 27
96 164
35 110
98 164
138 164
136 75
183 107
138 19
41 157
36 149
52 139
147 164
80 143
57 119
7 58
174 164
111 122
55 163
88 54
7 165
105 26
150 28
173 19
10 165
18 165
33 55
122 162
23 165
120 133
44 165
126 27
182 109
75 165
95 159
130 30
176 17
110 31
52 144
131 165
75 138
146 165
185 165
77 109
187 165
32 91
52 164
191 165
132 131
50 47
9 166
17 123
11 166
41 36
146 143
169 53
74 56
35 155
17 166
84 84
28 27
168 123
137 103
20 166
179 54
18 156
162 122
93 108
48 164
52 166
55 166
92 89
72 166
114 166
190 166
140 83
7 167
54 115
168 41
153 82
19 167
77 55
9 132
65 35
33 96
74 91
51 167
87 167
25 123
178 158
137 15
90 167
91 157
64 3
86 120
26 165
135 121
108 167
91 156
25 136
152 95
71 38
180 30
4 133
126 37
122 26
85 27
117 167
136 167
159 167
141 14
71 8
125 124
166 167
195 119
167 28
176 20
60 88
25 12
37 54
175 131
185 167
26 168
27 123
75 86
81 34
147 20
72 146
97 159
55 168
4 161
32 49
85 163
175 160
139 100
138 111
63 168
179 76
65 168
137 146
86 168
132 168
88 35
129 163
119 28
95 52
134 168
110 161
56 36
104 164
148 168
55 70
125 120
69 168
42 155
131 153
67 160
170 18
31 28
70 20
116 53
88 120
164 168
65 1
175 168
15 89
45 134
44 82
106 55
52 102
98 50
190 168
25 169
81 28
36 169
40 169
157 153
90 169
88 169
94 42
109 110
102 17
109 169
36 55
35 153
138 169
149 169
193 19
180 154
94 41
130 23
41 27
159 155
162 96
30 170
8 76
174 31
172 50
191 115
52 170
166 154
126 24
54 170
69 170
141 145
66 4
108 170
143 55
111 170
141 57
170 28
173 21
31 56
99 26
179 92
176 95
123 170
85 95
83 86
59 5
25 148
134 170
165 89
179 30
136 170
147 170
138 122
180 54
23 34
168 28
153 170
191 170
30 108
87 158
132 154
133 126
112 133
23 167
105 39
5 171
37 171
135 113
39 171
50 171
97 84
122 11
194 32
118 86
128 99
63 171
65 171
128 31
8 112
74 28
67 171
150 171
182 27
18 135
56 86
188 152
179 109
166 171
7 25
193 117
138 103
136 103
171 28
56 87
186 171
135 122
190 171
120 122
33 56
84 28
23 7
158 21
162 153
160 8
98 159
183 143
137 145
144 143
103 126
135 123
188 120
3 172
36 172
130 70
99 109
161 18
133 160
123 161
40 172
88 27
98 172
41 112
156 13
147 162
175 103
104 172
126 172
92 41
171 26
161 172
163 172
167 27
169 119
118 39
51 51
42 120
25 65
7 173
160 19
39 173
104 110
24 28
144 29
146 78
44 46
51 173
177 143
8 84
23 9
89 173
81 129
29 110
40 37
143 96
186 103
127 173
135 173
64 5
75 29
125 145
86 21
4 76
107 123
137 173
112 112
190 79
70 165
63 143
159 173
29 104
4 174
38 28
16 174
132 109
17 137
137 11
173 28
52 124
59 7
28 174
42 19
34 56
194 86
31 174
29 28
125 84
105 57
88 168
6 26
190 78
20 153
12 147
75 174
154 136
87 27
57 87
170 76
99 167
177 18
42 37
57 79
86 164
78 145
181 96
10 154
48 165
128 35
146 166
139 162
181 121
92 174
1 23
126 174
137 156
14 133
161 168
165 174
189 174
104 32
53 171
6 140
12 175
52 77
187 136
151 88
61 175
184 136
164 172
64 175
181 118
68 175
107 39
195 3
31 110
100 175
105 160
41 146
94 89
179 31
83 164
64 95
39 17
98 52
71 92
102 175
111 175
188 175
1 176
74 159
11 176
113 175
15 176
20 121
116 144
79 28
128 24
63 129
169 19
153 49
54 171
22 83
51 176
63 176
14 142
29 120
76 176
45 137
89 176
91 108
122 86
51 52
71 147
103 24
188 154
194 79
98 176
122 158
110 176
86 56
116 176
137 176
93 84
140 15
187 138
180 92
139 176
40 144
179 35
90 109
71 93
151 176
22 28
45 82
75 163
50 158
180 36
175 171
142 57
176 154
154 176
165 176
34 146
67 114
168 176
96 30
137 149
172 176
16 177
88 158
177 96
179 154
66 172
150 77
75 177
194 146
73 150
157 144
79 177
24 141
53 18
90 177
167 177
172 108
21 28
180 177
191 177
3 178
7 26
6 30
5 178
105 27
159 49
114 178
133 115
189 178
17 125
147 92
15 115
105 56
1 179
158 135
12 179
172 29
43 44
41 179
90 104
148 134
44 179
84 143
68 35
157 49
139 11
31 155
75 161
53 179
61 179
52 135
104 179
8 146
7 85
124 179
128 179
153 179
127 123
176 155
156 179
181 179
96 97
22 140
55 171
11 180
183 103
145 143
90 180
169 140
138 156
103 180
138 180
151 7
98 32
172 18
150 180
188 165
143 145
187 160
180 180
179 32
172 51
24 121
51 171
192 180
189 160
51 115
197 180
139 71
12 181
155 142
55 110
112 132
157 137
40 174
134 146
154 49
24 181
33 181
158 124
123 91
77 121
58 58
149 89
59 163
57 181
25 66
161 120
160 21
184 28
37 56
171 146
23 14
61 181
32 171
127 175
76 47
93 181
44 47
147 181
22 135
171 181
181 181
3 182
5 182
19 123
173 18
183 30
174 32
83 90
116 177
117 40
54 107
193 115
120 104
23 182
151 180
65 182
149 29
51 36
90 182
139 173
143 148
144 180
103 182
30 29
107 120
124 182
41 6
62 175
126 182
140 173
186 73
141 56
98 111
144 57
44 180
196 32
7 154
39 31
102 89
125 91
170 182
173 143
172 38
6 183
3 179
123 175
182 181
76 87
181 92
120 131
152 50
42 7
89 109
41 183
93 183
195 56
13 25
66 31
15 77
140 183
130 153
132 104
69 7
192 174
102 19
36 174
17 80
142 183
12 150
112 35
148 143
74 125
25 129
185 151
169 28
30 163
176 92
52 24
141 180
16 73
173 53
52 47
39 19
81 33
68 181
151 171
166 183
128 91
169 183
111 31
68 57
179 183
188 92
182 183
26 184
101 12
27 78
33 30
43 155
126 121
67 158
111 132
61 58
33 184
143 58
99 147
29 6
88 56
140 181
162 169
42 179
13 176
61 147
117 184
70 57
30 160
72 93
162 120
139 184
130 180
18 133
147 184
77 105
181 184
139 103
32 185
178 168
162 174
147 117
72 185
25 15
38 183
168 160
118 92
156 144
188 41
90 42
8 59
37 173
51 84
150 185
74 29
175 154
72 57
101 92
50 30
180 178
5 186
31 125
85 57
31 7
125 97
28 13
125 100
18 186
7 113
114 93
45 123
133 141
193 127
28 14
10 52
10 113
182 118
155 49
147 159
5 26
188 137
183 153
27 49
18 175
29 186
32 110
91 43
172 161
28 12
95 54
147 36
77 186
105 186
132 165
42 166
157 124
112 186
117 186
183 185
60 59
169 29
119 186
4 73
73 152
13 77
158 49
99 110
169 135
160 169
193 21
192 181
115 179
162 37
180 155
54 24
191 186
130 155
44 124
105 182
168 134
49 187
195 57
160 127
143 146
111 187
145 57
164 74
29 146
151 8
13 188
61 188
161 29
166 174
110 188
128 188
34 186
140 162
102 176
143 33
54 158
186 156
68 116
64 172
126 39
39 36
114 167
156 177
59 58
169 146
33 186
193 126
169 38
79 161
131 110
99 99
164 160
152 57
37 181
173 20
134 105
9 104
63 163
139 177
149 93
43 119
167 29
134 188
143 57
67 138
156 49
117 144
103 112
143 188
147 188
136 132
138 119
167 188
190 35
109 132
141 160
153 29
192 144
192 41
171 188
64 189
71 189
190 75
77 120
51 113
76 189
11 78
175 172
138 22
143 29
112 147
172 179
194 2
87 189
100 165
17 119
90 189
81 125
177 20
94 189
149 31
97 189
74 128
38 169
101 189
100 13
95 30
107 189
186 172
157 57
178 32
161 189
192 189
3 190
110 158
142 181
67 16
138 11
13 190
140 14
52 32
126 28
30 26
122 29
20 190
144 184
41 29
191 78
88 32
162 127
138 154
64 93
162 39
50 190
21 152
42 86
53 190
100 15
137 155
86 105
56 190
67 34
77 57
172 52
62 190
166 91
70 190
177 76
85 155
16 89
86 190
157 9
28 15
132 169
57 77
117 89
180 77
6 58
5 172
136 123
183 27
109 190
134 190
8 147
134 24
142 14
187 88
14 116
115 167
134 98
39 39
33 161
69 171
155 190
52 90
76 88
22 147
32 108
159 33
91 121
67 169
98 30
26 83
120 124
70 17
28 94
41 31
160 190
162 190
85 30
57 58
181 117
167 30
88 123
179 122
25 84
26 53
188 88
137 177
164 159
44 135
7 111
64 163
160 93
97 111
181 72
148 104
145 102
87 56
4 21
180 190
151 169
160 167
108 121
2 191
24 117
23 191
49 191
134 132
29 148
109 148
52 191
165 169
56 24
107 15
63 35
110 189
40 36
72 65
35 105
44 96
13 90
68 191
71 191
110 147
64 143
100 191
110 84
56 88
38 37
23 36
160 52
51 22
129 31
105 180
36 181
187 159
161 167
127 89
118 191
22 87
180 186
33 160
75 147
86 28
157 105
126 132
56 75
136 24
195 143
195 179
40 162
109 73
38 31
10 30
183 183
23 17
192 186
188 89
117 39
52 154
197 181
24 191
103 152
132 99
84 29
194 179
28 98
142 15
130 191
149 78
38 185
53 137
192 32
34 189
143 189
69 36
81 48
91 173
192 145
97 113
132 155
132 191
169 191
150 161
114 90
171 191
4 192
146 191
159 157
108 171
68 16
191 89
8 58
149 64
124 98
90 123
5 154
60 87
62 58
42 181
123 86
53 175
34 49
162 41
127 176
31 192
38 192
142 143
41 192
6 133
60 58
165 179
115 175
55 182
132 132
39 29
8 30
4 153
181 109
46 36
94 90
168 39
183 190
56 192
152 88
88 170
187 137
40 116
189 157
14 130
81 90
38 127
6 185
92 43
61 192
64 155
169 30
140 16
149 90
138 92
61 94
63 192
134 56
32 187
74 30
52 36
90 192
89 35
125 58
18 152
171 48
140 155
139 164
38 29
3 184
187 167
88 145
87 164
75 175
184 155
86 125
93 192
54 78
89 170
141 45
37 90
7 174
99 100
10 26
52 44
6 174
93 184
12 151
161 84
126 130
121 192
34 144
155 14
51 24
84 30
194 144
4 74
10 147
51 47
4 149
126 47
14 38
184 190
167 192
125 109
192 78
16 155
14 80
5 59
183 192
70 126
50 27
114 86
128 183
57 191
97 30
189 192
29 116
48 168
182 177
66 36
71 148
17 51
66 179
191 192
130 189
9 84
170 146
192 130
139 105
145 59
164 171
94 31
7 30
51 187
176 97
4 132
195 129
108 59
28 150
98 113
62 59
72 139
137 96
51 34
161 169
31 120
46 82
174 53
194 87
38 40
157 136
18 169
126 100
21 6
12 153
15 72
4 164
130 45
193 186
7 146
64 77
33 125
85 81
63 130
40 31
74 31
190 115
63 115
32 155
174 160
67 37
178 117
14 119
179 105
121 104
166 85
91 23
121 42
143 59
110 178
86 121
127 39
193 192
187 168
34 123
38 30
141 71
47 123
126 125
51 44
151 31
134 76
139 72
141 146
172 188
98 189
85 141
161 32
173 33
26 193
8 60
56 59
5 174
30 193
49 28
91 189
50 187
156 176
167 180
89 193
174 158
98 193
109 59
106 60
172 53
105 152
142 30
29 94
109 167
100 193
177 145
85 143
45 135
55 180
75 185
74 188
162 40
96 159
174 27
141 144
152 137
114 84
54 44
8 110
126 97
34 194
178 81
176 19
143 31
167 31
29 115
40 194
36 147
106 144
150 181
108 123
51 194
111 167
152 31
21 84
156 142
51 136
105 144
137 89
52 27
53 194
39 143
129 153
147 93
189 120
139 174
74 126
141 16
64 159
75 98
51 33
51 40
5 119
55 194
93 194
122 74
97 194
28 16
127 86
168 31
193 32
54 164
4 184
67 135
53 102
53 24
15 26
166 60
14 53
71 103
105 101
141 194
162 86
125 170
43 166
27 119
124 86
144 59
21 32
6 27
165 115
151 30
113 147
153 30
117 41
165 155
144 194
20 186
53 44
64 51
177 62
162 194
71 135
8 150
103 153
7 168
153 180
14 191
123 173
34 104
21 154
171 192
73 139
42 62
160 33
1 93
165 194
167 182
85 33
139 16
118 41
104 134
43 62
169 194
150 116
71 36
173 194
175 194
52 158
53 173
66 121
110 190
99 108
23 192
29 119
157 8
17 27
181 194
53 36
11 128
87 34
88 70
105 58
81 46
34 124
161 93
14 141
184 194
27 168
132 130
32 123
167 91
153 31
68 134
22 60
163 75
36 145
110 73
53 154
99 195
146 114
55 24
133 150
92 107
156 122
108 31
187 90
54 47
18 179
6 62
43 66
143 195
6 130
26 194
145 195
168 33
32 8
7 60
32 170
108 161
71 73
181 71
1 25
33 49
72 189
78 180
65 121
121 158
194 82
106 124
161 195
67 33
180 195
129 179
57 194
38 196
152 28
50 114
65 104
39 192
166 56
152 169
105 162
175 163
74 32
34 27
70 127
10 168
123 121
168 135
53 140
151 167
26 169
105 164
29 189
24 138
128 36
160 49
188 170
89 158
128 45
74 99
55 120
18 176
178 122
32 192
13 54
118 162
88 196
38 38
75 160
101 172
133 149
178 62
172 109
112 119
61 95
20 33
170 134
77 161
64 190
156 180
111 98
70 93
138 171
167 32
87 57
10 27
175 161
146 120
88 190
173 192
25 150
131 115
15 119
108 32
77 32
163 96
62 147
122 13
90 196
134 42
25 185
92 196
165 196
153 28
171 33
25 67
89 34
150 169
160 56
152 164
61 127
181 190
189 39
141 173
169 196
116 178
51 141
4 121
64 2
148 181
33 123
77 150
191 90
112 110
41 193
29 105
124 110
184 191
91 24
58 59
106 32
68 120
154 92
30 94
10 50
68 45
165 87
85 101
137 139
177 196
29 106
75 32
173 160
121 144
75 34
84 89
122 80
164 170
95 138
128 37
36 175
44 62
34 181
28 28
38 39
39 87
127 120
70 45
34 155
95 53
163 82
115 86
111 168
52 147
87 125
74 158
99 164
53 90
134 38
181 196
124 47
107 179
149 65
183 196
49 166
176 81
192 182
162 123
29 98
51 35
118 192
158 153
167 197
73 193
139 45
178 121
X
121 187
14 140
73 191
159 31
155 195
61 155
62 60
13 53
41 195
13 55
120 193
151 29
27 47
145 33
97 112
2 176
41 116
87 33
X
144 120
37 175
28 147
191 50
123 110
110 118
X
141 162
132 156
3 140
X
34 187
162 38
107 181
39 144
173 31
25 149
24 19
110 169
136 171
158 50
174 28
111 147
51 28
14 129
144 103
12 38
23 60
86 195
33 103
100 148
23 32
122 104
154 84
134 126
135 174
93 109
41 30
30 32
83 46
184 192
34 106
X
23 61
16 51
171 138
138 121
147 94
131 62
170 65
132 100
175 134
191 193
X
171 183
86 197
168 91
169 132
43 183
34 110
X
121 193
8 62
88 125
X
26 139
103 49
79 179
100 28
41 147
111 179
42 67
94 129
104 142
192 170
136 109
72 162
21 87
66 35
155 9
86 142
83 163
91 25
56 164
120 149
58 83
4 41
X
26 120
98 173
56 113
35 49
89 56
41 156
22 34
155 101
192 171
124 46
X
162 124
60 85
122 110
124 69
156 62
11 178
40 63
52 119
85 84
130 31
90 112
190 174
51 30
154 93
172 39
12 36
X
45 36
146 147
98 53
176 62
146 118
121 124
98 107
176 134
121 78
135 98
158 10
128 38
143 191
X
146 130
92 189
52 79
167 33
69 46
49 188
9 101
159 36
106 162
143 36
6 154
X
128 39
39 112
69 16
54 32
32 160
X
16 178
76 34
X
54 110
74 101
104 108
130 163
55 113
125 77
84 137
193 187
138 93
182 90
4 190
112 131
X
X
40 29
60 158
55 76
8 168
16 179
16 42
130 183
24 124
16 90
68 172
X
2 93
25 127
X
86 122
46 104
158 105
125 47
14 55
33 98
155 196
17 152
117 42
167 178
18 189
69 115
183 35
35 77
194 80
148 133
62 62
173 47
103 127
170 176
56 79
191 130
86 191
7 62
195 115
112 122
35 147
96 54
162 192
158 30
147 189
74 150
78 161
142 37
28 50
104 132
46 37
29 33
129 67
X
61 182
3 185
49 193
177 172
X
28 148
X
167 190
26 51
105 187
146 148
159 170
101 154
X
98 149
5 117
91 182
82 90
X
105 99
114 175
172 40
27 87
90 54
126 35
92 51
134 99
28 47
X
97 156
6 186
84 86
X
4 154
134 39
119 154
140 184
25 53
X
49 85
13 191
151 168
X
190 51
125 36
33 192
96 33
132 115
39 175
X
141 175
194 31
13 193
90 193
89 120
126 71
30 146
6 138
67 40
74 63
79 36
49 43
13 56
144 123
144 31
81 59
161 85
172 41
104 123
X
16 27
120 191
44 37
110 98
19 165
21 63
33 91
112 189
130 64
194 180
73 151
4 165
167 179
109 123
X
76 86
158 32
X
190 172
40 166
172 192
31 106
154 144
78 37
55 78
29 161
124 180
119 37
151 165
X
27 76
159 94
86 170
169 60
137 16
189 167
13 57
41 84
164 58
X
20 187
92 138
154 90
94 32
179 72
X
192 172
138 181
55 181
99 113
19 125
130 50
X
61 144
109 133
11 37
152 43
127 45
166 158
X
116 163
56 89
71 90
179 185
69 5
X
7 104
9 150
109 171
91 180
47 50
86 154
71 74
103 176
181 186
90 154
188 157
X
90 194
125 176
61 176
160 53
120 184
121 126
124 85
17 174
158 37
X
90 43
25 40
52 155
44 181
47 104
110 141
179 39
23 168
156 123
140 91
102 108
149 94
X
X
55 106
33 154
X
180 81
48 167
128 189
193 188
38 194
X
71 132
120 140
180 156
5 130
38 193
141 122
130 159
71 37
70 128
105 153
X
127 100
15 57
87 197
77 34
127 90
119 195
155 194
X
155 86
21 155
149 68
67 134
155 176
43 124
X
155 39
92 190
163 93
23 15
65 36
56 179
80 127
70 166
37 169
42 63
157 138
111 130
4 75
75 139
73 192
192 126
118 195
55 187
15 189
152 171
124 56
48 47
32 127
73 63
X
104 68
36 103
43 40
52 80
163 174
93 89
X
X
153 171
133 148
168 188
168 133
6 71
138 89
X
135 77
147 37
11 92
X
89 57
86 192
125 183
126 50
X
26 40
75 109
8 123
160 133
74 139
X
49 194
74 160
164 115
132 159
159 8
49 47
75 63
169 192
62 177
17 168
X
120 147
107 162
170 192
9 102
110 130
53 180
77 39
137 75
56 120
54 179
54 139
84 102
159 153
76 180
175 108
138 152
X
165 178
165 85
30 98
66 182
118 167
128 100
76 32
50 195
52 173
X
52 84
99 176
121 133
163 74
124 183
89 145
124 99
173 142
63 145
1 162
176 82
24 83
166 104
26 79
99 154
182 30
16 91
154 37
65 31
90 105
156 156
137 119
X
16 104
24 195
92 182
15 188
74 65
178 58
79 129
192 86
60 155
X
8 104
123 172
56 195
77 174
171 19
55 77
145 116
5 123
98 174
94 92
159 130
136 76
X
159 105
79 178
97 63
121 121
112 111
159 42
170 183
126 113
107 85
92 133
148 146
192 183
13 36
133 132
144 197
77 145
6 139
97 79
120 143
35 184
71 40
125 38
132 38
190 50
11 177
94 193
103 124
187 141
142 39
37 49
125 129
78 146
55 147
28 134
188 143
160 50
X
166 168
66 37
63 116
93 118
164 155
X
130 63
141 184
66 7
122 78
100 149
106 182
123 129
41 96
79 158
91 130
42 125
89 147
20 167
76 33
X
X
152 182
155 85
31 94
X
15 48
X
192 90
27 51
88 113
143 119
32 94
112 39
53 47
44 163
25 52
9 168
134 110
134 74
188 90
2 193
X
65 175
122 130
23 84
86 114
67 182
85 59
133 128
44 182
69 132
127 113
X
34 149
66 102
56 137
47 48
55 47
X
84 161
182 39
109 131
X
170 138
119 48
17 156
147 171
X
26 191
36 106
92 113
32 64
170 90
X
30 105
64 73
72 66
109 99
186 155
130 182
118 81
X
X
X
164 82
64 35
75 178
X
10 28
100 166
5 184
62 95
169 48
44 98
6 132
130 65
151 182
57 36
119 184
189 193
90 197
17 52
167 183
22 139
192 39
74 33
16 106
56 60
4 91
173 188
68 46
180 192
169 141
X
90 173
165 56
151 164
168 120
89 101
44 162
160 130
110 85
149 66
17 56
72 64
54 187
188 40
111 138
94 192
84 164
144 64
33 51
5 133
119 193
4 43
152 37
83 141
159 171
X
126 84
4 163
43 156
75 64
136 70
161 8
103 125
159 10
177 154
68 37
130 179
69 194
123 13
161 94
129 45
177 197
76 157
26 49
64 191
195 186
13 38
142 31
162 195
158 38
176 168
113 140
X
152 176
165 82
138 162
83 73
87 35
148 58
X
182 91
107 86
165 180
X
18 191
129 91
155 43
55 52
75 122
54 36
35 181
190 66
16 92
123 104
148 64
67 35
133 38
X
157 191
152 51
71 149
141 147
139 101
44 166
109 100
64 145
2 39
56 169
175 197
X
X
123 162
70 40
94 85
150 117
159 174
93 107
X
63 172
X
71 91
15 42
93 123
122 12
X
87 105
50 192
90 148
60 163
6 147
24 18
X
5 192
135 20
163 117
X
186 67
188 160
67 133
169 145
164 57
47 49
131 159
29 7
56 32
40 112
78 105
95 67
141 196
X
72 91
183 155
5 121
123 74
187 156
147 38
4 39
10 132
54 173
X
171 41
159 38
111 190
39 65
105 190
X
86 84
66 2
144 33
133 163
143 39
20 119
5 75
66 106
23 195
112 175
X
147 190
155 191
44 44
13 44
147 95
66 175
154 102
132 129
48 170
75 65
124 108
125 148
16 188
112 190
63 51
50 80
131 65
X
X
17 53
3 41
47 54
55 54
X
151 178
39 146
14 39
16 69
152 183
48 55
X
180 158
72 135
88 97
148 132
105 179
42 44
166 172
127 84
160 10
183 49
X
146 119
178 172
135 138
69 106
82 44
126 46
25 181
8 98
42 160
157 68
X
98 165
X
168 161
80 39
34 105
174 197
X
72 127
24 17
138 45
161 78
121 39
23 141
4 42
55 146
X
X
69 73
110 167
147 143
100 173
183 184
100 88
51 29
144 148
50 40
143 144
168 181
134 57
77 188
112 121
177 142
27 95
X
141 161
65 118
101 190
158 42
146 40
123 108
193 4
103 106
100 92
90 146
126 183
123 57
118 144
126 91
77 83
122 154
105 161
172 32
X
123 133
143 123
176 172
X
45 44
X
80 129
131 188
30 186
27 40
141 75
103 151
100 154
155 180
131 39
159 124
55 136
74 34
29 109
28 49
143 65
134 77
57 193
51 195
51 174
42 40
147 114
87 59
57 118
112 134
62 61
61 189
59 162
89 123
6 123
52 30
108 124
156 196
121 43
X
72 67
137 140
125 123
139 180
28 125
123 56
109 157
46 38
44 133
123 171
64 180
90 145
88 105
132 188
125 74
156 124
148 145
24 20
88 197
118 194
X
37 91
43 181
148 106
68 47
160 57
121 184
188 176
15 193
161 127
159 194
3 133
52 187
144 181
X
157 70
136 77
44 94
169 102
194 186
134 148
78 100
150 31
13 52
183 48
10 51
31 95
X
70 50
64 114
129 71
192 115
166 159
41 143
137 70
X
121 146
8 151
X
170 179
167 158
165 197
106 187
113 139
18 121
145 188
164 173
125 60
191 41
180 105
179 82
106 127
164 59
145 64
188 118
42 124
134 191
23 18
55 101
79 138
86 109
135 175
89 59
158 139
185 74
55 174
112 130
81 45
13 139
134 21
67 159
142 38
114 164
161 95
X
36 173
131 55
145 65
X
29 40
139 154
50 44
53 30
165 158
154 135
105 192
121 109
129 46
19 121
152 39
91 51
55 53
X
158 101
105 98
55 139
177 168
169 178
94 197
68 117
38 66
103 142
X
92 52
119 191
X
115 163
78 98
137 150
75 66
73 65
97 50
149 164
88 121
168 46
160 12
49 44
72 190
23 16
81 142
111 118
46 62
126 49
X
107 182
73 67
138 177
56 167
79 127
X
30 194
X
169 74
106 49
112 98
193 5
118 95
53 174
22 141
X
57 89
176 83
191 58
153 37
177 58
54 102
63 182
91 177
172 162
X
23 183
137 104
86 169
123 176
8 88
28 40
41 166
114 85
14 57
119 47
193 142
75 67
75 134
157 192
X
88 167
114 91
4 40
1 40
X
151 40
7 88
81 58
102 8
119 187
28 127
39 67
76 185
124 121
31 109
28 170
180 119
192 143
74 67
104 174
183 104
25 195
141 91
X
85 58
83 88
138 96
167 195
X
169 188
3 173
64 177
24 21
57 106
X
76 160
X
14 93
154 145
106 192
27 96
193 183
X
46 40
141 195
185 75
161 110
56 165
52 163
94 67
146 150
8 46
X
9 112
194 60
119 153
33 155
87 109
46 42
194 88
16 175
71 162
31 154
94 194
113 98
121 75
78 174
70 18
38 43
13 102
154 57
159 60
36 49
53 187
X
12 103
190 178
10 88
195 60
101 195
104 111
57 139
27 173
93 91
24 40
X
55 188
65 72
78 83
59 83
161 137
53 84
31 51
28 139
92 197
170 91
84 136
5 191
179 83
27 53
16 156
106 142
34 185
127 97
37 138
64 192
54 136
56 168
97 97
14 131
194 93
82 49
29 41
28 168
53 192
78 99
28 169
19 186
X
128 50
30 110
X
112 179
190 65
180 50
183 50
90 53
34 190
X
173 195
33 187
130 46
146 36
151 181
147 166
11 38
92 54
159 95
X
76 146
53 176
X
41 196
163 155
46 44
119 58
44 119
86 161
111 99
3 39
143 40
29 136
61 130
107 192
143 197
X
110 139
85 93
27 114
11 168
X
48 50
160 9
97 80
13 177
X
106 63
122 133
90 52
23 41
X
167 60
177 83
62 188
X
43 135
59 161
121 40
36 110
68 121
163 118
171 189
154 143
189 35
191 87
125 39
195 118
46 39
103 60
28 171
76 109
82 74
69 119
66 176
139 156
138 70
89 149
28 76
102 60
139 70
23 184
147 148
177 94
107 180
11 69
147 118
98 51
X
191 60
148 88
136 119
103 160
195 32
171 21
86 141
143 190
188 68
35 185
55 36
155 57
174 156
X
183 178
34 51
128 97
87 58
170 48
94 64
X
187 142
142 180
127 50
179 62
92 53
90 184
53 32
168 75
193 90
177 132
132 127
141 123
14 40
97 98
127 119
19 119
96 100
194 90
X
193 193
139 89
97 54
37 147
177 144
127 171
67 161
68 192
195 2
89 105
5 139
78 119
3 130
179 51
X
188 67
134 100
158 39
82 46
86 143
93 62
50 151
63 178
X
193 86
75 162
84 103
132 170
126 179
133 111
50 115
130 69
143 66
81 47
118 184
72 152
X
15 192
100 195
168 87
X
53 85
78 51
169 101
96 69
135 100
52 68
18 188
X
175 169
103 159
191 79
131 58
130 181
112 140
31 33
112 138
35 51
158 57
75 131
174 162
90 147
68 176
98 148
17 169
67 137
75 179
78 127
96 67
57 140
94 190
74 161
154 104
149 88
29 188
56 110
139 104
175 104
28 41
98 68
166 155
128 89
41 142
43 158
138 110
101 192
65 180
176 194
19 156
X
66 6
195 127
49 168
173 162
60 83
38 67
23 193
158 194
166 102
X
25 41
29 114
140 89
179 58
68 136
89 155
6 141
128 85
33 182
141 176
56 187
77 46
169 49
172 178
183 179
111 140
10 48
18 116
187 140
24 47
9 114
X
52 115
119 43
154 103
160 54
7 46
71 39
167 161
92 184
14 193
6 171
147 182
49 163
101 62
X
140 70
131 40
75 106
37 74
36 75
144 183
18 123
X
180 72
154 105
173 146
162 78
13 142
157 139
X
49 158
141 72
111 101
100 164
47 120
177 109
24 134
X
180 83
18 174
53 150
71 136
128 67
139 41
66 177
99 149
140 41
52 168
X
137 77
X
137 14
100 176
24 139
163 78
X
27 97
179 59
41 47
103 150
138 94
X
183 124
17 180
6 60
12 149
153 95
14 188
73 190
73 162
170 135
125 113
148 93
58 89
197 182
55 55
17 188
66 17
52 76
123 105
42 41
80 46
188 172
77 189
144 150
157 146
48 166
X
177 95
132 110
62 127
51 150
53 191
90 101
96 166
9 46
124 68
8 71
X
63 180
124 91
43 127
33 127
152 184
4 130
68 114
36 144
129 50
149 67
194 113
4 176
66 49
141 197
96 68
3 176
63 159
130 192
104 162
17 124
38 115
157 195
187 139
X
193 189
32 152
97 190
148 57
X
111 171
X
31 160
31 119
176 197
125 76
159 57
162 42
18 180
105 142
X
9 98
164 169
187 169
54 126
151 41
55 108
166 178
X
85 162
X
10 46
122 144
3 93
86 59
189 68
141 163
5 60
X
113 99
103 147
57 190
84 138
120 146
70 163
87 146
17 72
142 41
145 68
39 196
161 170
4 147
158 120
139 94
X
63 95
67 168
X
158 137
47 51
66 168
91 131
187 158
192 177
78 108
179 70
81 60
97 81
176 158
150 88
49 88
106 61
X
121 41
9 99
27 137
77 107
17 122
42 96
121 186
110 132
103 97
142 197
104 182
110 122
79 60
73 189
63 156
25 191
33 185
72 186
133 110
152 91
155 11
29 137
156 68
31 190
96 64
144 182
159 168
100 150
53 182
142 40
191 166
38 49
192 60
25 134
78 46
24 183
131 156
166 194
51 55
4 162
115 91
179 60
64 8
68 60
X
174 157
169 65
137 13
8 73
102 69
59 89
54 113
79 119
84 71
176 59
16 93
84 94
92 175
180 48
47 119
26 195
86 68
110 177
133 112
X
125 133
70 60
125 86
29 121
142 104
69 121
67 102
174 26
63 160
13 74
79 75
67 49
133 159
129 47
94 195
141 177
X
178 109
61 180
104 106
45 62
X
135 22
118 163
138 16
X
175 158
66 74
160 194
183 181
49 86
60 62
183 105
X
69 49
84 141
142 194
193 180
105 189
145 196
143 67
36 146
172 146
129 188
136 177
X
44 137
140 156
53 86
113 179
164 78
X
138 77
10 89
193 174
124 10
133 147
X
124 70
155 12
77 151
159 169
46 41
31 124
195 116
157 106
46 83
X
70 36
143 52
51 147
26 123
142 123
9 154
29 141
148 162
42 48
86 93
62 182
36 148
193 194
48 104
55 114
170 119
129 51
64 45
53 120
139 96
121 185
178 83
103 163
X
X
88 68
67 177
92 139
189 165
X
164 86
77 187
52 55
X
176 118
140 164
45 106
107 69
X
139 102
186 68
X
104 97
X
184 196
X
38 69
184 137
98 108
68 177
148 114
147 52
101 61
X
83 49
126 51
23 42
90 183
169 142
120 195
X
93 113
116 51
97 69
181 83
145 197
79 76
X
38 144
182 92
167 135
195 187
113 150
53 124
87 93
191 194
X
171 119
170 60
85 82
187 166
137 99
134 75
X
148 59
141 92
46 43
183 51
X
66 178
X
74 163
161 117
10 47
146 144
40 196
3 183
X
105 154
168 60
154 134
88 102
81 49
122 15
25 139
15 69
69 50
115 52
159 101
X
137 12
175 109
169 59
50 78
118 193
145 150
139 152
194 183
65 50
126 119
186 104
68 102
160 55
38 44
140 96
72 150
16 191
102 173
108 126
19 188
111 100
40 87
179 69
105 97
160 61
14 102
X
X
191 59
151 177
56 155
57 192
153 54
175 94
25 151
73 93
127 87
X
X
74 185
128 52
57 187
75 157
183 39
X
169 139
191 188
172 28
189 195
21 156
101 176
160 139
X
195 113
53 141
X
112 31
120 163
X
160 78
42 77
7 48
76 174
34 192
80 36
105 61
25 114
104 173
146 77
46 65
101 191
2 131
126 109
126 48
X
139 91
93 65
126 86
65 49
97 157
159 139
196 60
152 41
84 96
29 139
54 100
21 104
12 80
56 106
110 163
52 103
112 118
121 194
88 98
191 57
70 106
40 70
69 72
33 52
191 174
44 70
131 111
61 177
X
161 133
X
119 163
33 50
6 49
112 101
91 184
22 138
108 84
X
131 41
42 87
116 47
110 32
X
146 52
93 138
143 41
142 145
105 47
157 69
26 141
188 36
14 44
56 171
146 146
148 170
66 72
174 146
143 180
91 197
95 62
138 98
73 188
163 116
77 180
193 176
X
173 196
141 76
141 41
160 51
113 101
64 94
154 91
72 60
65 169
24 137
154 82
X
24 42
42 66
34 188
65 3
87 192
193 97
124 71
X
179 158
56 153
162 191
154 72
144 41
175 170
106 50
64 4
67 72
122 124
120 148
130 156
152 165
11 93
33 162
X
25 42
135 176
121 120
106 64
36 185
134 23
81 143
140 152
68 180
79 77
104 152
5 173
52 40
94 133
128 154
166 88
165 116
133 164
171 139
63 177
193 130
29 187
105 181
194 118
148 54
68 49
193 60
27 140
X
34 125
83 74
X
107 87
71 128
191 187
42 70
X
168 178
184 143
63 188
188 151
18 177
143 68
X
105 68
146 53
148 56
138 42
126 170
X
12 76
11 89
17 55
124 109
167 61
X
7 171
195 117
162 118
X
159 106
X
57 120
X
120 187
78 106
28 128
156 72
169 76
41 97
49 106
137 114
49 192
128 190
6 51
X
111 76
71 72
138 173
125 89
48 171
109 84
142 105
28 42
X
157 193
160 174
29 76
128 192
88 149
X
26 42
52 78
68 179
18 178
188 91
171 76
143 42
27 42
75 180
102 92
148 171
X
154 137
127 91
X
100 147
142 52
155 70
X
175 105
135 177
148 102
39 62
193 114
9 88
84 95
122 145
122 108
74 97
X
25 43
7 112
138 170
71 139
173 62
13 76
143 53
87 163
135 75
137 171
194 97
79 137
188 156
65 71
55 173
123 106
161 86
X
180 157
44 75
51 41
121 140
44 95
X
22 63
133 56
166 87
126 129
162 154
98 54
73 125
X
4 118
36 50
129 183
179 184
94 93
129 48
51 120
174 138
150 164
104 147
124 13
74 93
25 78
29 47
4 137
30 148
182 179
100 167
197 58
178 78
X
100 172
80 54
194 115
6 184
84 73
70 194
156 155
150 90
95 100
70 164
88 189
69 56
190 73
170 106
179 61
129 90
137 141
105 188
26 114
68 193
157 72
18 134
173 197
154 71
102 71
133 98
165 86
68 178
X
101 63
28 45
X
160 121
X
92 62
113 138
86 193
X
130 67
105 49
X
17 167
147 150
161 138
38 63
46 84
188 167
159 154
121 149
172 46
157 71
33 195
38 181
108 125
35 154
90 158
X
56 136
10 84
X
173 189
55 195
X
147 132
53 136
22 152
157 134
14 72
193 144
132 192
172 106
151 166
181 177
52 70
82 50
64 72
148 165
33 53
30 121
130 154
17 77
182 124
12 69
25 141
183 180
192 159
169 51
195 130
41 98
66 181
142 184
125 149
15 76
156 63
4 93
125 122
X
38 175
108 187
12 176
86 196
12 139
126 124
X
30 190
93 64
67 162
157 120
68 139
93 197
5 149
141 174
X
52 151
117 53
187 104
15 191
112 113
146 145
X
23 194
181 102
26 170
24 116
178 124
X
26 118
84 104
14 74
182 190
143 147
68 194
54 70
181 70
81 55
36 105
135 139
193 116
100 134
20 188
X
160 191
110 112
70 70
141 70
X
67 180
190 68
24 79
121 80
148 95
149 162
14 118
131 42
27 171
127 88
189 76
133 161
107 70
51 140
56 152
81 141
32 193
133 192
100 111
156 194
167 87
87 194
91 63
87 147
107 71
56 68
148 55
11 77
140 72
39 145
145 191
171 72
104 72
56 67
165 117
103 72
40 62
100 151
125 179
55 67
34 195
34 77
50 150
165 74
139 98
140 180
84 68
160 11
106 74
184 195
22 150
127 183
142 42
148 105
171 106
29 190
68 115
167 181
185 76
12 104
65 177
23 185
122 14
76 162
157 11
155 192
80 77
75 150
146 121
69 60
138 183
38 50
81 77
77 45
190 77
73 166
117 67
53 33
193 3
148 75
16 119
193 178
31 170
28 43
127 124
71 104
190 116
41 194
131 112
13 73
43 87
38 87
145 115
161 13
127 174
69 71
126 176
18 119
160 192
88 109
112 36
172 163
126 131
137 108
77 157
122 76
177 139
52 171
106 47
92 176
X
19 169
68 72
X
107 59
127 170
110 140
X
42 116
135 70
40 142
157 12
129 49
40 165
95 64
75 80
134 71
155 72
5 71
170 74
38 91
78 80
160 13
22 68
107 60
170 121
186 167
76 46
95 139
15 190
115 49
113 141
190 104
142 119
23 134
43 77
X
80 73
150 76
11 84
97 167
147 191
41 164
90 190
132 153
191 118
87 101
147 130
45 86
194 89
158 104
51 138
187 102
84 72
140 154
56 166
197 59
172 180
32 54
71 56
28 44
X
46 67
161 106
128 98
79 159
187 172
96 167
134 171
54 68
161 118
73 56
27 98
155 13
X
129 89
27 172
68 168
75 83
45 105
46 66
87 81
166 173
55 100
177 170
187 65
67 17
130 188
143 106
54 109
93 80
34 148
11 79
25 44
24 68
52 150
168 197
56 158
X
75 135
38 182
173 65
17 191
114 92
37 73
83 71
138 95
42 74
32 125
191 172
158 130
195 128
21 68
69 102
195 183
119 152
72 147
178 123
X
X
158 62
79 54
73 148
44 116
14 139
30 150
53 138
124 133
63 147
134 192
41 62
163 95
X
24 65
171 123
123 154
189 172
X
15 179
X
92 64
34 63
51 158
X
X
13 80
163 169
186 138
189 194
165 77
99 134
142 150
9 100
57 188
107 77
186 105
165 181
X
142 59
175 164
156 154
92 140
191 46
158 60
16 72
63 169
31 105
94 62
25 121
17 67
84 105
X
117 80
5 101
77 122
143 44
160 110
X
185 136
X
X
X
67 163
50 88
164 118
121 145
7 77
8 154
76 102
104 47
29 45
94 191
196 96
138 72
57 62
24 165
50 75
112 33
70 72
34 64
79 46
X
51 137
82 73
118 67
46 85
49 104
106 73
120 70
24 185
125 80
120 151
X
106 179
5 151
X
97 108
138 182
194 178
120 130
186 106
19 102
107 190
122 129
104 175
17 44
47 121
59 156
X
54 163
174 77
34 152
189 80
103 162
110 58
141 164
128 191
X
2 194
111 73
53 188
X
55 179
116 68
157 194
171 120
X
74 81
35 144
27 138
58 140
189 106
187 171
57 182
94 79
33 152
51 127
28 80
91 64
128 180
X
143 184
X
148 52
49 189
190 119
26 181
179 186
76 89
189 79
40 170
43 82
175 162
108 74
95 140
143 43
X
178 60
179 106
64 75
3 141
4 139
X
103 164
176 80
187 170
160 74
182 101
71 194
46 68
123 174
134 101
129 192
14 128
84 142
X
67 155
28 149
109 118
106 48
66 180
83 82
34 65
100 152
187 154
27 45
79 180
X
19 61
16 71
52 195
85 161
X
189 142
104 158
102 72
87 72
142 106
176 170
141 121
83 138
168 122
4 77
13 192
16 107
31 53
49 195
56 182
2 192
114 179
78 151
165 177
166 169
13 178
134 73
31 107
32 194
46 69
41 162
191 178
X
74 100
X
182 93
177 138
129 165
78 122
4 72
72 194
74 166
39 128
80 60
74 162
106 62
37 144
X
76 161
118 68
25 45
X
20 102
19 63
X
7 123
6 50
26 185
53 87
X
102 99
108 77
162 167
94 91
144 106
139 82
X
103 143
27 170
167 194
74 57
170 177
80 125
110 162
28 116
67 121
154 94
149 166
119 70
84 74
31 103
25 165
173 139
30 103
71 60
132 171
4 148
34 184
144 191
193 195
23 166
119 140
177 81
28 124
65 75
109 77
33 163
72 187
163 106
54 118
120 145
48 169
41 180
189 73
168 121
52 125
161 174
178 72
52 126
118 69
154 95
71 106
191 179
192 118
32 195
58 62
131 192
138 112
190 47
12 74
33 54
12 67
85 137
119 162
X
176 109
62 180
78 38
X
18 74
99 158
154 146
123 60
135 171
67 172
93 69
91 155
129 164
148 166
7 71
179 80
66 77
X
131 52
98 167
128 71
29 138
44 155
42 136
133 130
155 84
180 76
102 172
26 119
62 130
X
108 127
X
112 176
54 108
190 106
149 75
X
66 73
X
160 62
101 149
X
25 68
52 167
X
103 48
5 190
X
183 106
190 195
170 51
72 126
14 117
46 86
X
110 157
195 97
187 68
125 121
95 79
125 67
162 155
34 74
124 176
146 123
177 117
44 74
133 165
193 175
31 54
32 51
56 70
107 187
57 179
183 177
183 186
102 98
41 49
34 147
128 68
30 47
91 154
X
104 49
168 61
115 48
182 94
83 162
34 103
192 178
61 156
56 114
X
165 118
46 70
X
169 50
158 121
41 74
68 182
166 135
143 45
137 148
165 172
X
103 68
19 191
31 50
49 87
21 151
186 66
46 123
180 191
185 143
3 186
X
85 83
169 181
126 133
X
86 194
4 131
56 139
55 175
118 70
14 179
84 81
X
29 150
12 152
144 188
51 74
38 147
73 185
164 161
143 102
3 194
156 190
12 133
4 152
X
12 154
106 143
85 164
34 107
94 69
54 195
182 186
92 118
187 157
27 139
56 163
13 179
116 49
105 191
17 57
178 169
46 106
56 170
X
13 181
151 90
162 106
38 51
159 63
28 136
12 105
169 189
95 69
109 187
121 143
52 127
91 193
108 72
69 74
125 71
177 194
123 151
127 109
25 83
45 133
185 77
103 92
145 131
194 119
45 157
96 165
145 106
52 176
159 104
X
11 68
1 163
89 154
11 154
X
103 161
93 119
87 82
27 74
53 163
152 92
178 154
196 183
154 180
40 77
28 114
157 145
170 110
196 97
194 47
31 52
42 183
97 100
70 121
5 193
X
76 105
X
152 54
193 46
38 184
12 89
143 54
104 133
136 150
170 178
74 189
38 128
X
121 108
29 107
17 179
26 45
X
84 76
118 140
137 144
112 188
146 149
153 181
136 72
X
X
169 176
65 172
178 170
16 105
188 119
122 146
78 54
151 170
41 181
28 123
22 104
56 73
16 68
63 179
39 147
102 107
X
124 170
112 120
168 62
23 83
X
36 104
141 89
185 155
92 177
167 189
134 72
169 62
88 99
141 82
73 60
33 63
125 52
92 112
162 93
69 75
30 195
106 76
137 174
85 105
160 106
11 88
53 195
98 100
135 120
141 90
X
74 82
87 120
X
148 164
99 172
79 74
91 158
155 193
28 129
163 115
146 106
70 102
110 179
40 173
28 74
X
173 190
107 74
156 191
X
53 127
53 181
135 24
74 98
11 142
X
178 95
24 115
88 110
70 75
35 152
29 74
101 193
72 188
169 197
24 120
66 75
73 194
24 151
141 93
X
194 49
113 100
32 186
64 144
124 100
2 132
31 195
X
25 46
19 115
57 73
171 178
112 187
X
X
X
X
X
X
X
X
X
X
X
X
X
X
X
X
X
X
X
X
X
X
X
X
X
X
X
X
X
X
X
X
X
X
X
X
X
X
X
X
X
X
X
X
X
X
X
X
X
X
X
X
X
X
X
X
X
X
X
X
X
X
X
X
X
X
X
X
X
X
X
X
X
X
X
X
X
X
X
X
X
X
X
X
X
X
X
X
X
X
X
X
X
X
X
X
X
X
X
X
X
X
X
X
X
X
X
X
X
X
X
X
X
X
X
X
X
X
X
X
X
X
X
X
X
X
X
X
X
X
X
X
X
X
X
X
X
X
X
X
X
X
X
X
X
X
X
X
X
X
X
X
X
X
X
X
X
X
X
X
X
X
X
X
X
X
X
X
X
X
X
X
X
X
X
X
X
X
X
X
X
X
X
X
X
X
X
X
X
X
X
X
X
X
X
X
X
X
X
X
X
X
X
X
X
X
X
X
X
X
X
X
X
X
X
X
X
X
X
X
X
X
X
X
X
X
X
X
X
X
X
X
X
X
X
X
X
X
X
X
X
X
X
X
X
X
X
X
X
X
X
X
X
X
X
X
X
X
X
X
X
X
X
X
X
X
X
X
X
X
X
X
X
X
X
X
X
X
X
X
X
X
X
X
X
X
X
X
X
X
X
X
X
X
X
X
X
X
X
X
X
X
X
X
X
X
X
X
X
X
X
X
X
X
X
X
X
X
X
X
X
X
X
X
X
X
X
X
X
X
X
X
X
X
X
X
X
X
X
X
X
X
X
X
X
X
X
X
X
X
X
X
X
X
X
X
X
X
X
X
X
X
X
X
X
X
X
X
X
X
X
X
X
X
X
X
X
X
X
X
X
X
X
X
X
X
X
X
X
X
X
X
X
X
X
X
X
X
X
X
X
X
X
X
X
X
X
X
X
X
X
X
X
X
X
X
X
X
X
X
X
X
X
X
X
X
X
X
X
X
X
X
X
X
X
X
X
X
X
X
X
X
X
X
X
X
X
X
X
X
X
X
X
X
X
X
X
X
X
X
X
X
X
X
X
X
X
X
X
X
X
X
X
X
X
X
X
X
X
X
X
X
X
X
X
X
X
X
X
X
X
X
X
X
X
X
X
X
X
X
X
X
X
X
X
X
X
X
X
X
X
X
X
X
X
X
X
X
X
X
X
X
X
X
X
X
X
X
X
X
X
X
X
X
X
X
X
X
X
X
X
X
X
X
X
X
X
X
X
X
X
X
X
X
X
X
X
X
X
X
X
X
X
X
X
X
X
X
X
X
X
X
X
X
X
X
X
X
X
X
X
X
X
X
X
X
X
X
X
X
X
X
X
X
X
X
X
X
X
X
X
X
X
X
X
X
X
X
X
X
X
X
X
X
X
X
X
X
X
X
X
X
X
X
X
X
X
X
X
X
X
X
X
X
X
X
X
X
X
X
X
X
X
X
X
X
X
X
X
X
X
X
X
X
X
X
X
X
X
X
X
X
X
X
X
X
X
X
X
X
X
X
X
X
X
X
X
X
X
X
X
X
X
X
X
X
X
X
X
X
X
X
X
X
X
X
X
X
X
X
X
X
X
X
X
X
X
X
X
X
X
X
X
X
X
X
X
X
X
X
X
X
X
X
X
X
X
X
X
X
X
X
X
X
X
X
X
X
X
X
X
X
X
X
X
X
X
X
X
X
X
X
X
X
X
X
X
X
X
X
X
X
X
X
X
X
X
X
X
X
X
X
X
X
X
X
X
X
X
X
X
X
X
X
X
X
X
X
X
X
X
X
X
X
X
X
X
X
X
X
X
X
X
X
X
X
X
X
X
X
X
X
X
X
X
X
X
X
X
X
X
X
X
X
X
X
X
X
X
X
X
X
X
X
X
X
X
X
X
X
X
X
X
X
X
X
X
X
X
X
X
X
X
X
X
X
X
X
X
X
X
X
X
X
X
X
X
X
X
X
X
X
X
X
X
X
X
X
X
X
X
X
X
X
X
X
X
X
X
X
X
X
X
X
X
X
X
X
X
X
X
X
X
X
X
X
X
X
X
X
X
X
X
X
X
X
X
X
X
X
X
X
X
X
X
X
X
X
X
X
X
X
X
X
X
X
X
X
X
X
X
X
X
X
X
X
X
X
X
X
X
X
X
X
X
X
X
X
X
X
X
X
X
X
X
X
X
X
X
X
X
X
X
X
X
X
X
X
X
X
X
X
X
X
X
X
X
X
X
X
X
X
X
X
X
X
X
X
X
X
X
X
X
X
X
X
X
X
X
X
X
X
X
X
X
X
X
X
X
X
X
X
X
X
X
X
X
X
X
X
X
X
X
X
X
X
X
X
X
X
X
X
X
X
X
X
X
X
X
X
X
X
X
X
X
X
X
X
X
X
X
X
X
X
X
X
X
X
X
X
X
X
X
X
X
X
X
X
X
X
X
X
X
X
X
X
X
X
X
X
X
X
X
X
X
X
X
X
X
X
X
X
X
X
X
X
X
X
X
X
X
X
X
X
X
X
X
X
X
X
X
X
X
X
X
X
X
X
X
X
X
X
X
X
X
X
X
X
X
X
X
X
X
X
X
X
X
X
X
X
X
X
X
X
X
X
X
X
X
X
X
X
X
X
X
X
X
X
X
X
X
X
X
X
X
X
X
X
X
X
X
X
X
X
X
X
X
X
X
X
X
X
X
X
X
X
X
X
X
X
X
X
X
X
X
X
X
X
X
X
X
X
X
X
X
X
X
X
X
X
X
X
X
X
X
X
X
X
X
X
X
X
X
X
X
X
X
X
X
X
X
X
