56 0
96 54
51 60
12 0
40 42
12 16
27 45
46 77
45 58
72 55
15 87
91 31
78 59
5 95
15 75
31 67
34 27
65 74
13 63
58 97
78 2
50 28
57 84
55 89
3 91
86 65
69 95
79 81
80 14
51 39
69 29
73 94
55 54
3 90
23 98
22 53
41 60
64 40
86 36
92 89
86 62
4 38
39 70
48 24
82 85
48 65
84 94
19 44
94 64
24 20
63 40
29 25
89 5
3 19
5 93
51 79
33 67
25 37
6 25
2 51
13 22
43 20
8 44
50 13
22 64
20 10
23 65
11 71
86 38
83 63
38 8
48 30
87 88
79 83
93 28
49 58
46 29
83 16
28 4
25 3
83 98
93 64
73 22
17 33
93 39
80 11
53 89
97 9
30 51
34 80
72 35
77 32
23 92
85 11
13 48
67 76
97 66
8 28
21 53
17 4
92 68
39 83
9 16
30 80
75 87
71 89
43 63
26 32
78 93
1 81
21 12
0 20
95 95
97 21
6 7
90 40
94 21
29 28
74 72
48 32
10 64
77 22
66 59
71 38
90 20
38 28
4 88
71 0
15 62
18 57
33 79
3 51
73 89
32 51
75 71
38 90
72 87
39 92
52 42
19 43
30 5
96 68
29 26
56 7
85 33
14 48
48 90
56 25
62 40
84 85
64 48
78 30
54 84
47 36
13 55
85 82
24 42
1 95
41 11
60 64
42 37
74 62
56 10
60 24
11 24
28 66
2 13
40 45
35 88
94 81
79 95
4 85
19 34
49 60
6 11
33 95
41 58
49 65
66 62
4 66
94 62
13 24
71 47
57 87
71 80
65 87
82 23
90 55
7 28
52 46
10 85
71 25
20 40
87 1
35 81
49 70
2 47
75 22
56 11
70 3
97 44
63 71
68 23
33 80
69 35
10 88
12 17
95 81
75 58
73 81
50 57
17 3
53 66
72 51
3 88
79 70
81 78
36 36
40 46
86 98
9 2
53 72
80 2
5 64
16 51
31 79
54 76
72 45
45 75
7 29
59 94
53 12
35 24
43 86
64 5
2 98
92 20
24 47
15 18
15 24
57 68
13 82
74 5
38 67
87 94
49 91
16 71
98 39
3 94
28 32
5 47
64 86
76 81
92 40
72 19
11 46
60 25
50 12
34 50
22 22
34 33
81 54
28 18
30 57
82 91
92 36
74 88
54 42
83 79
83 23
94 86
38 46
42 93
12 77
50 2
21 22
76 51
26 26
92 19
52 57
58 46
14 66
48 20
78 55
10 14
46 39
79 66
77 1
19 75
48 34
65 40
78 18
69 3
16 50
18 78
85 30
11 67
33 35
43 64
80 44
30 44
22 29
47 34
29 44
98 49
69 54
77 72
16 35
4 90
18 33
35 8
18 89
51 8
16 17
45 52
58 16
0 94
47 48
76 54
89 49
95 82
7 3
90 52
34 36
12 76
32 77
85 59
65 18
60 88
62 64
84 69
37 83
9 65
50 54
43 3
8 32
22 97
65 39
79 60
74 80
46 50
73 57
3 96
95 89
37 48
72 96
13 45
4 67
69 52
96 81
65 59
2 88
18 34
22 52
93 70
58 15
94 0
50 41
52 33
1 43
25 18
44 75
54 12
94 3
82 75
23 42
95 1
68 43
26 86
46 38
48 40
76 80
20 95
66 29
59 95
6 9
51 40
10 87
57 40
98 18
96 90
16 86
72 56
80 7
52 74
20 77
56 73
47 54
79 96
95 2
34 91
14 82
43 8
92 82
81 94
81 10
16 56
93 7
53 56
45 29
29 6
59 88
77 48
44 47
72 76
37 90
61 83
22 21
4 28
64 66
79 13
61 76
15 76
66 53
82 51
39 63
44 84
42 15
13 4
63 17
78 33
58 14
76 56
42 56
48 89
10 39
3 18
6 16
14 63
81 87
96 75
97 0
16 3
4 93
37 53
54 95
44 24
87 90
97 70
27 33
74 84
86 45
71 73
39 19
3 53
60 80
74 32
17 11
34 24
25 22
91 33
49 37
59 6
54 87
53 53
45 31
59 70
11 40
74 24
57 44
70 70
6 36
19 41
73 31
41 94
95 30
75 40
41 42
38 60
73 25
91 84
25 68
15 97
35 85
57 29
46 28
30 35
68 60
83 83
98 22
45 47
57 6
87 33
40 73
23 50
41 17
0 51
97 17
98 67
29 24
16 74
41 50
15 93
98 32
83 66
9 78
63 45
83 46
46 60
96 95
15 48
95 6
19 19
3 16
73 1
48 58
44 40
37 41
77 37
68 94
9 8
82 69
15 90
77 50
44 25
80 57
90 31
6 79
27 81
98 25
55 61
27 7
63 16
78 63
41 84
82 67
21 74
66 55
21 42
96 43
40 17
21 58
52 58
15 16
51 10
30 18
70 82
29 0
84 39
81 12
36 58
50 66
61 93
89 38
56 72
56 60
9 56
92 12
80 36
40 13
49 41
32 6
81 69
55 60
79 64
48 27
68 92
22 4
36 57
85 42
5 5
29 39
24 74
4 48
1 87
66 17
94 90
21 69
80 0
66 60
60 16
69 8
87 51
85 84
61 88
49 55
10 41
78 1
84 8
57 64
23 95
16 40
17 98
18 52
46 65
56 92
63 56
X
16 53
96 71
76 2
52 39
62 83
68 70
73 24
83 59
6 65
22 77
42 44
8 89
14 29
94 12
48 79
4 56
63 91
9 77
3 15
71 74
5 96
25 97
49 67
6 35
77 70
33 71
53 4
29 2
12 73
15 88
88 32
95 38
36 40
78 88
47 67
53 16
58 61
12 98
15 38
61 92
21 40
96 72
74 29
43 93
86 63
33 31
52 96
11 15
53 15
6 55
76 98
88 8
76 36
59 54
20 65
10 94
32 55
7 76
81 84
92 51
44 1
9 43
51 29
98 14
32 91
46 62
89 20
30 81
87 70
53 26
6 1
96 80
14 77
56 38
75 6
47 73
45 22
74 35
83 6
89 51
10 2
82 65
51 85
25 43
2 48
7 37
34 79
80 46
35 43
58 32
2 18
34 76
93 74
65 54
44 18
37 42
11 35
64 3
65 38
68 84
44 19
82 16
19 13
86 86
34 43
64 24
36 29
39 71
44 66
47 8
56 32
71 28
93 72
60 40
4 17
64 94
54 69
53 67
6 37
92 43
65 61
5 63
18 9
96 2
35 77
88 68
54 62
76 92
97 34
45 68
48 72
40 36
77 94
54 91
24 44
35 58
88 24
57 31
91 50
69 81
41 62
7 90
36 32
47 97
79 88
1 10
60 23
15 8
28 33
45 8
71 96
55 1
11 60
X
73 37
25 78
56 58
55 40
64 61
94 6
0 87
21 67
84 34
26 47
45 15
46 4
16 12
13 56
79 31
60 82
47 79
92 41
69 58
52 44
89 65
51 52
78 22
7 89
12 72
24 80
62 49
84 19
8 42
34 26
62 46
14 17
58 86
2 32
24 11
65 94
98 48
59 2
83 7
35 29
71 53
38 83
69 67
64 39
84 89
10 40
97 42
32 82
11 48
67 53
87 42
48 94
84 40
72 14
37 22
41 45
8 52
85 65
51 23
57 79
12 70
26 24
84 88
82 53
23 29
47 80
43 17
53 6
12 55
54 89
82 88
76 35
37 97
26 36
33 60
16 49
24 34
37 44
76 15
29 47
45 14
2 97
85 86
25 33
53 77
49 30
79 19
28 25
1 86
19 12
11 20
74 30
17 28
1 70
30 77
14 5
91 45
5 30
48 39
46 76
73 75
73 76
45 54
0 66
9 64
87 95
72 49
88 31
25 66
82 56
90 60
78 86
14 64
98 26
65 82
94 78
33 46
24 57
49 96
50 60
37 78
92 38
43 67
89 96
87 91
21 77
10 43
59 22
1 13
54 7
7 61
78 83
6 27
65 84
54 82
71 24
61 57
66 63
65 37
85 60
95 68
50 61
80 63
89 6
19 24
22 68
79 16
58 22
71 2
63 31
8 15
78 24
98 3
X
32 14
35 67
7 32
33 91
49 5
49 2
52 64
33 81
24 89
78 20
75 56
56 24
89 86
53 78
39 75
41 6
2 61
61 54
2 50
41 85
77 41
8 95
42 38
29 1
13 53
34 67
82 77
47 29
34 87
5 50
37 96
64 25
40 0
18 40
22 17
93 80
91 12
39 79
96 56
11 68
30 60
32 35
39 28
35 73
87 67
25 44
6 61
87 12
39 87
74 36
29 78
84 68
38 23
71 61
75 31
25 87
9 90
96 94
80 32
16 33
59 59
37 29
66 41
72 36
7 85
84 36
73 36
33 70
30 4
89 52
86 44
30 19
93 54
71 64
50 96
5 71
78 36
58 53
88 66
86 15
8 83
22 61
58 6
38 92
57 21
28 73
72 60
46 14
95 48
43 58
27 1
16 42
26 91
98 70
28 53
81 0
18 54
88 94
93 13
75 88
5 56
75 28
5 70
82 66
3 58
96 40
4 1
42 65
35 80
73 3
3 68
84 60
96 82
73 72
X
8 13
85 50
4 72
37 68
12 36
48 19
14 80
57 38
67 93
73 73
85 22
17 88
33 34
82 68
25 47
27 75
15 80
20 96
49 21
94 11
96 27
16 73
54 59
19 70
66 19
84 80
64 82
0 47
27 15
86 78
12 15
73 98
4 10
73 33
55 23
15 52
46 92
97 37
48 41
80 79
6 30
70 24
31 55
84 38
98 42
29 56
72 8
69 17
42 85
3 23
92 95
24 50
77 87
89 35
3 74
19 92
56 3
47 82
7 30
8 68
42 77
11 17
2 52
49 92
59 10
21 7
38 47
76 63
96 14
62 72
30 0
38 19
48 48
64 19
31 18
36 7
66 31
48 12
X
22 38
12 28
95 40
57 28
90 35
44 53
97 65
63 57
46 48
4 68
51 33
13 88
49 52
23 20
39 9
84 70
70 64
79 47
24 27
95 46
47 19
64 57
44 22
73 7
59 33
40 79
68 76
26 29
X
10 1
4 16
49 35
64 37
62 57
70 67
32 39
3 87
83 92
65 86
69 56
14 25
89 23
74 71
18 96
77 93
38 11
73 62
57 54
63 36
35 40
20 23
21 87
31 29
33 14
47 37
1 55
1 90
12 54
61 16
16 80
48 7
70 73
95 53
98 95
34 64
55 76
31 8
34 38
7 48
26 15
26 43
72 54
41 59
65 41
61 23
73 0
36 42
92 56
49 78
86 7
98 61
39 5
96 21
95 27
5 59
89 93
90 22
51 19
55 94
88 84
85 23
25 58
48 95
98 17
69 1
46 37
13 46
84 12
83 50
2 69
5 18
93 30
3 56
31 1
38 93
33 51
0 58
22 65
83 49
30 17
92 53
87 18
97 69
40 48
49 69
91 73
83 2
79 20
12 69
33 28
69 6
80 60
2 24
16 28
62 62
59 35
79 91
39 65
37 11
36 79
51 74
1 53
93 60
30 74
64 41
17 18
87 77
70 5
65 9
89 45
26 42
8 70
7 97
42 42
38 59
26 59
43 79
52 81
33 74
1 9
9 12
88 43
12 44
76 85
29 46
81 79
45 5
9 39
87 84
33 42
55 14
69 7
81 55
15 13
54 97
13 39
72 21
70 49
69 91
97 56
50 21
83 13
74 63
19 64
71 27
94 7
62 30
55 84
90 66
73 32
95 80
18 68
92 6
68 72
31 87
45 34
58 91
30 50
0 97
76 84
24 86
56 2
36 23
60 41
4 65
24 39
92 2
66 81
67 95
87 8
63 52
21 60
38 71
5 11
17 19
60 6
33 19
13 78
50 49
81 70
92 88
88 87
25 29
57 20
14 60
91 67
46 43
40 33
54 10
73 54
49 3
42 82
39 95
38 82
67 83
56 5
98 53
85 53
62 89
78 16
17 49
23 3
67 87
51 95
76 79
52 23
14 87
20 28
89 56
50 53
93 83
68 53
75 98
77 34
82 15
1 91
10 91
70 13
62 59
22 34
86 61
6 60
66 70
50 73
79 78
84 14
41 78
85 44
47 42
21 35
43 83
29 82
85 18
5 40
42 3
92 86
50 46
5 89
70 27
60 22
77 38
94 24
78 85
62 27
66 76
31 28
12 34
41 22
22 56
89 98
23 38
66 58
6 22
4 80
10 56
27 4
2 66
70 41
14 68
5 32
6 33
81 13
59 85
60 66
57 69
73 61
17 89
14 47
23 36
91 42
81 56
53 1
25 23
7 93
17 80
80 61
62 74
24 32
8 4
3 25
25 86
42 90
69 63
48 51
58 96
85 24
44 26
83 75
36 15
64 58
11 74
62 6
18 42
42 96
77 30
25 98
96 20
27 43
43 34
36 11
33 69
64 55
58 73
36 46
32 67
14 93
67 60
39 72
93 20
84 33
13 11
17 97
26 3
66 2
86 10
81 88
5 82
43 21
32 37
70 60
44 68
49 33
39 85
42 69
97 27
15 33
40 44
23 57
6 15
95 62
14 58
35 50
69 60
71 81
94 63
55 59
85 77
37 6
21 25
15 17
26 79
79 24
23 61
54 39
73 17
59 53
21 61
9 92
98 45
30 10
97 82
5 15
93 42
47 78
9 10
50 51
89 12
17 61
85 64
6 23
27 65
82 19
95 76
31 74
50 24
2 80
15 94
15 14
6 86
67 80
42 81
87 45
12 35
15 69
89 50
51 5
93 41
64 98
21 8
16 52
72 28
90 61
8 88
66 25
59 37
3 39
0 93
32 74
25 48
22 75
8 82
44 56
9 36
69 66
52 3
70 43
89 92
61 62
6 43
91 52
73 10
36 0
7 33
67 3
39 88
83 14
93 73
96 25
28 31
19 16
75 93
88 98
94 69
8 90
60 92
90 13
50 38
8 81
87 63
70 65
21 45
96 29
41 36
46 1
63 64
92 74
41 19
89 81
56 44
58 31
16 79
20 22
0 73
67 79
16 4
10 60
86 14
75 92
26 30
81 95
8 48
8 5
91 97
9 33
69 50
34 57
11 2
77 54
38 48
81 36
38 21
90 42
50 77
54 93
62 50
16 55
49 64
17 93
13 37
15 72
67 92
1 63
13 91
19 54
76 64
35 42
37 81
13 75
4 42
97 84
88 50
62 92
74 33
14 54
56 12
84 23
70 55
46 63
6 54
45 87
35 76
23 73
64 42
62 12
47 94
75 77
8 85
68 50
59 64
35 78
96 47
65 50
48 21
16 2
83 19
75 74
14 36
11 34
11 10
77 71
71 26
26 23
60 54
20 15
20 34
2 76
26 90
47 10
15 41
28 12
46 81
50 18
47 71
64 38
20 83
29 43
51 43
12 96
71 90
68 49
87 98
70 12
97 32
1 65
66 28
55 22
68 61
90 32
35 83
55 43
23 21
85 79
9 49
4 95
10 63
28 51
19 23
14 84
X
61 56
26 70
59 82
16 90
37 98
39 14
90 14
33 78
59 69
48 92
66 73
30 8
53 73
97 91
32 98
37 28
14 39
87 32
42 17
18 6
80 87
26 52
73 23
46 75
7 26
74 10
15 65
80 21
41 5
98 15
63 37
77 52
90 30
40 18
15 42
36 33
34 70
6 39
67 50
57 92
35 18
33 52
71 30
13 94
47 1
97 93
7 88
11 13
13 21
42 21
37 52
28 59
28 16
94 73
0 11
85 7
15 60
36 21
38 79
23 43
98 29
3 5
87 36
70 92
85 73
7 63
80 77
59 26
62 70
39 77
71 71
47 44
12 20
25 4
8 14
40 53
54 57
49 27
54 29
73 34
52 92
84 56
24 25
55 91
36 94
66 10
29 85
47 55
74 48
95 36
20 45
44 94
98 84
10 44
32 36
77 40
50 70
35 82
5 65
50 81
94 45
5 4
78 58
66 86
33 23
57 13
53 13
43 18
82 95
4 15
83 70
75 79
96 23
66 95
92 34
30 9
19 35
12 24
39 2
83 9
19 78
91 86
92 14
8 92
74 96
93 37
34 48
90 71
87 41
14 95
46 35
20 94
16 66
2 1
28 9
46 36
81 77
80 24
62 41
82 6
51 21
90 5
49 47
48 73
31 97
44 7
84 37
63 9
70 45
15 86
92 63
71 36
49 17
98 24
65 60
93 79
96 33
23 94
33 85
91 6
96 28
48 53
16 26
13 83
67 8
49 42
75 38
66 74
23 5
5 12
45 76
34 32
5 44
14 24
68 78
71 76
68 47
57 39
84 74
93 62
8 16
72 75
42 48
67 40
20 66
89 46
44 65
97 81
0 77
85 92
29 33
20 30
88 63
43 92
6 67
61 55
96 48
19 66
68 54
82 93
73 74
71 97
28 77
8 19
9 85
12 41
57 37
13 92
40 34
17 69
67 78
6 64
74 6
35 28
12 40
91 96
15 61
62 11
24 46
49 16
20 4
41 9
14 78
56 65
15 79
91 5
39 27
89 17
58 95
39 60
86 60
91 25
55 77
20 69
58 92
32 33
58 39
31 3
43 90
36 66
44 63
1 29
65 64
98 57
69 70
89 36
1 24
80 75
50 40
73 49
23 30
27 12
11 55
97 49
67 88
51 55
21 16
82 12
87 55
96 93
40 47
21 11
8 3
5 98
88 15
63 19
29 31
3 7
77 92
87 40
98 10
93 71
93 43
71 95
51 69
7 79
19 82
50 22
12 84
29 76
43 69
9 6
98 80
23 83
7 39
14 4
19 56
80 3
19 65
5 21
55 45
96 9
36 51
33 39
98 9
41 14
24 13
65 98
98 0
91 69
59 65
57 9
70 61
10 33
20 20
38 96
83 0
96 92
44 89
85 9
56 67
55 25
16 89
32 18
53 29
67 9
54 88
25 31
36 31
58 83
32 88
26 81
21 62
25 91
34 37
88 89
44 88
48 59
69 71
8 20
58 34
24 82
18 17
24 28
67 89
43 60
50 69
40 38
21 43
74 57
78 21
42 86
8 7
72 94
50 17
20 59
48 55
14 38
30 89
53 46
37 82
47 47
82 90
21 59
2 68
91 7
32 29
6 20
78 44
92 3
96 22
18 22
36 82
84 5
80 31
37 84
38 57
23 33
5 67
58 74
7 12
39 20
25 21
32 50
17 79
58 69
21 46
33 36
94 22
88 90
55 29
38 30
74 18
10 34
67 31
27 47
44 93
41 13
53 86
27 46
59 52
90 53
83 34
57 59
5 27
11 47
87 28
69 79
68 21
23 6
75 34
73 29
7 78
44 81
98 47
27 13
40 74
62 39
2 94
30 54
25 45
42 14
65 91
43 80
59 15
59 17
26 68
54 94
38 26
55 48
33 72
49 81
89 78
69 23
22 54
40 16
53 52
11 43
27 3
48 23
41 91
84 20
77 98
20 16
39 54
17 42
20 46
79 41
86 74
47 93
16 64
32 87
74 27
39 55
38 16
85 72
45 20
9 72
80 71
28 81
83 80
12 13
76 89
43 49
40 37
39 33
74 49
83 17
56 4
74 95
93 16
83 3
83 77
76 57
50 20
6 52
10 27
49 24
53 54
45 91
41 37
65 23
86 46
90 95
63 8
30 91
26 69
94 82
53 63
X
57 12
13 19
88 35
86 13
63 72
43 6
90 69
3 1
57 67
80 70
11 11
57 10
47 18
92 67
3 95
10 86
83 68
44 16
74 76
52 5
92 21
82 2
86 9
6 78
83 48
88 18
51 17
5 52
8 86
83 4
97 13
2 14
97 22
8 22
61 2
5 94
12 94
17 29
22 92
89 85
73 14
65 5
40 22
89 83
71 8
20 93
1 0
82 96
57 56
80 89
84 22
76 77
33 13
43 10
61 46
1 23
89 74
50 6
22 9
49 11
48 14
16 11
50 37
24 31
89 66
92 16
27 66
7 67
5 34
71 60
54 24
56 90
7 77
47 66
37 17
89 94
32 48
62 81
53 5
57 52
54 53
8 17
63 82
13 13
91 43
6 6
76 73
40 41
71 49
46 91
11 65
74 25
65 10
26 61
X
50 45
90 64
70 68
75 8
94 91
10 20
15 66
37 55
97 71
71 72
17 24
60 78
68 87
37 16
78 68
23 74
88 13
60 17
55 56
67 37
31 40
8 39
20 8
52 89
54 20
59 57
30 90
1 93
27 23
60 84
59 78
38 12
59 76
63 48
38 62
45 59
18 11
14 8
98 1
98 11
41 77
21 82
62 90
9 76
13 84
24 77
50 86
45 30
93 22
7 70
29 5
73 78
26 40
10 36
57 74
65 12
8 75
33 59
26 37
27 42
45 12
82 17
38 44
96 37
72 12
34 23
4 34
89 32
37 19
12 62
91 39
4 2
51 73
28 69
76 60
79 79
63 41
73 58
6 97
X
21 93
23 16
5 60
78 78
X
6 56
22 33
94 10
1 69
41 1
10 92
40 67
31 68
45 94
43 11
84 13
93 94
35 56
82 21
28 52
55 26
95 61
11 1
45 16
41 23
75 35
11 21
52 35
34 51
7 40
67 62
23 28
42 11
8 56
69 94
43 71
50 19
53 51
44 76
95 56
44 14
26 84
7 96
17 72
32 1
25 32
66 71
69 97
38 53
89 18
80 69
39 29
25 80
4 97
2 34
24 83
85 40
66 52
65 81
91 60
36 55
37 60
84 67
17 15
1 47
69 41
75 37
76 1
98 41
53 41
90 92
72 42
3 73
96 31
82 13
86 43
20 54
80 12
X
9 98
14 71
18 21
65 57
60 91
82 47
55 52
67 54
88 23
18 88
51 75
38 13
37 91
44 0
74 94
80 94
9 32
40 86
98 89
48 63
81 44
20 2
97 54
4 26
95 93
27 84
46 10
3 6
43 70
36 95
60 3
3 97
50 27
9 84
X
52 72
10 61
68 41
43 77
30 75
90 93
36 76
13 15
62 29
29 30
90 82
49 61
23 79
96 83
1 44
94 9
49 23
26 21
17 9
2 28
80 49
90 1
77 33
79 11
87 15
68 51
23 68
27 80
78 65
48 70
62 78
43 13
18 72
85 66
31 35
27 44
48 67
9 11
78 92
19 9
20 51
68 52
97 2
89 63
50 71
50 23
36 43
35 64
33 63
72 57
84 3
9 48
4 35
77 81
6 24
22 46
70 56
36 22
50 74
22 91
35 41
22 15
10 15
63 49
78 67
11 25
23 69
54 48
92 73
78 11
14 81
83 88
97 48
47 22
24 17
74 2
58 59
11 63
37 0
9 69
57 60
27 6
24 3
11 9
44 67
41 66
18 7
6 58
92 15
91 15
14 3
76 90
51 35
50 68
32 80
57 88
15 47
17 58
74 75
26 53
8 43
18 90
9 44
12 19
23 13
64 62
38 70
3 24
87 30
5 28
81 97
78 53
45 62
50 59
61 10
90 12
80 78
33 20
16 14
76 20
44 55
81 33
28 7
46 95
21 15
47 98
77 31
54 31
15 78
5 43
25 56
79 56
80 20
8 35
9 59
46 40
28 64
95 58
78 56
24 93
58 52
93 59
42 1
15 63
57 98
72 71
65 58
51 20
86 34
28 26
98 66
34 59
17 78
27 2
89 77
78 13
93 5
59 23
59 11
17 2
8 67
50 5
17 34
74 78
16 9
15 39
30 56
82 42
37 7
0 67
91 37
26 74
96 84
55 12
98 16
57 94
72 95
28 47
4 21
54 37
92 45
20 29
51 76
43 29
17 90
X
39 34
89 28
37 47
68 75
88 54
45 77
6 70
36 47
50 75
13 62
75 32
36 77
29 32
54 74
61 66
95 88
35 86
4 54
43 15
22 23
27 85
19 46
56 51
80 98
63 28
76 91
25 54
53 92
43 76
50 36
34 22
91 83
7 46
9 9
62 31
90 33
56 34
35 7
44 11
48 68
20 75
12 59
82 82
55 93
24 58
54 79
9 45
X
44 69
41 93
9 50
34 31
9 57
1 14
85 5
88 4
80 29
94 54
62 60
53 0
87 78
37 86
51 90
74 1
41 73
86 31
95 87
18 73
7 51
28 28
43 7
79 38
79 72
77 10
52 83
63 6
65 92
29 77
51 68
23 31
19 7
52 77
49 28
45 45
21 96
55 58
97 80
28 62
53 11
41 3
89 57
73 46
11 73
62 55
5 13
77 55
56 98
54 46
73 27
83 73
74 85
31 0
31 50
50 29
61 8
47 72
51 57
12 89
49 88
97 94
1 46
89 42
57 91
73 93
25 19
30 68
9 20
23 45
73 51
18 64
78 3
13 64
21 44
82 5
51 7
96 30
48 17
87 82
8 54
90 86
9 46
76 55
17 56
42 80
55 69
85 39
43 75
24 38
50 42
86 56
41 63
39 58
50 91
17 70
85 43
48 28
97 23
54 4
39 1
48 74
76 49
9 3
15 25
15 35
73 44
97 53
59 81
59 41
24 72
26 89
11 84
16 22
87 19
18 82
48 71
93 11
12 91
2 35
72 27
33 93
33 65
79 50
10 24
61 11
52 29
22 94
7 64
27 59
55 28
74 38
32 90
3 52
77 58
81 3
60 37
97 72
7 18
45 93
49 79
93 56
51 59
9 97
39 23
11 27
36 37
85 83
93 24
49 50
61 38
85 28
57 32
54 54
12 27
22 16
44 20
64 26
4 61
79 39
63 3
4 12
86 6
67 91
11 89
19 40
83 84
94 23
13 10
80 48
56 43
43 54
53 95
53 23
12 47
25 28
34 21
36 68
41 70
96 96
15 54
75 45
60 26
17 1
49 18
36 91
16 95
31 20
X
26 13
81 34
89 43
9 35
33 49
4 37
33 92
57 25
23 58
45 51
80 59
10 58
46 58
7 74
4 53
96 59
80 88
75 50
35 87
27 40
52 34
55 63
90 37
9 81
62 35
31 75
96 46
41 69
63 81
30 79
45 60
74 91
71 10
53 48
67 52
41 27
94 30
66 94
81 49
67 38
60 28
33 47
36 93
74 0
97 90
66 96
9 94
40 1
43 57
55 2
14 70
30 93
89 54
29 48
18 98
4 40
44 83
61 48
10 49
13 7
18 20
70 47
61 27
72 46
38 18
48 49
37 34
26 60
67 24
54 11
12 63
71 33
79 54
5 42
39 47
28 79
25 60
50 4
30 47
71 57
67 82
62 71
87 66
35 27
24 90
61 75
37 14
56 89
34 74
84 77
37 62
19 6
29 74
39 62
30 82
12 90
73 60
28 70
14 61
42 2
46 59
41 46
23 52
21 13
32 85
82 58
33 29
91 94
84 59
6 49
50 64
2 64
82 35
65 93
13 35
3 72
9 42
27 9
17 12
33 94
46 9
55 38
42 62
9 82
66 80
93 2
87 2
52 8
95 13
32 17
80 26
69 5
91 41
25 41
89 37
97 15
45 19
38 41
39 39
14 56
93 90
34 34
6 88
58 77
34 49
14 13
8 98
2 89
75 24
17 51
50 63
43 39
88 27
49 51
49 97
91 14
36 48
3 59
56 21
74 55
70 7
66 39
45 49
55 62
1 96
56 88
1 98
41 56
61 40
5 22
95 43
62 69
44 87
5 16
29 91
30 31
97 95
15 70
88 22
66 20
44 49
88 96
78 96
74 59
68 37
53 21
76 19
34 28
68 38
73 2
46 87
19 67
21 54
8 34
6 19
51 30
25 20
83 21
44 82
37 43
59 77
22 58
24 23
92 37
69 89
18 29
49 94
69 82
74 81
55 21
51 9
42 39
76 67
91 72
57 72
8 79
80 50
10 22
64 43
64 64
67 5
68 56
79 23
5 9
94 14
19 74
81 91
18 74
28 40
53 3
50 80
72 24
97 24
53 37
32 97
77 44
42 79
13 44
25 83
77 2
8 45
13 96
19 77
37 64
21 30
58 75
97 39
6 13
73 87
52 41
76 76
51 56
70 37
94 94
33 32
8 9
82 70
70 58
93 31
13 60
60 67
24 85
16 77
12 93
70 4
47 61
14 49
54 5
35 57
46 13
95 28
75 70
49 45
66 3
55 36
32 46
75 48
59 25
66 4
10 10
38 7
86 24
58 60
76 29
6 53
63 26
32 54
75 49
86 77
2 10
19 91
88 57
60 76
29 45
49 39
91 24
4 84
12 33
81 89
87 34
21 14
72 93
64 45
12 45
66 22
1 60
X
28 8
34 45
92 96
86 20
16 65
98 33
57 7
2 67
84 57
66 9
24 24
27 62
40 87
39 43
39 84
28 60
63 70
46 8
73 55
82 10
98 43
93 40
12 21
41 26
40 32
44 78
17 73
41 8
72 58
49 22
39 91
67 59
42 88
73 42
68 88
73 77
49 54
98 46
98 38
11 14
97 3
95 59
34 39
67 84
78 81
28 46
10 59
14 73
37 32
47 14
72 50
73 88
94 58
54 64
45 95
39 18
29 52
87 13
63 27
47 38
4 43
67 16
2 55
6 32
35 60
33 55
34 89
50 52
78 64
20 18
21 76
64 10
25 57
45 86
50 34
45 79
7 68
45 48
2 11
71 77
25 92
91 93
52 19
92 23
17 92
78 10
88 16
0 82
74 70
90 39
8 94
53 97
54 85
14 10
27 10
0 56
98 85
46 51
44 33
40 19
47 12
11 26
46 55
80 90
62 91
57 42
1 51
97 45
95 33
63 47
26 62
26 49
5 83
7 81
88 12
7 20
77 9
19 52
50 35
25 93
23 26
55 33
7 19
39 78
92 4
68 63
95 71
4 58
0 96
38 80
73 13
10 75
42 12
10 71
43 66
91 35
20 56
74 41
53 57
16 10
91 65
14 37
16 29
20 80
20 71
17 60
57 76
55 50
41 87
9 14
54 44
59 87
82 22
93 81
39 16
16 47
93 34
12 75
46 78
69 39
5 48
41 12
89 91
86 12
72 32
13 54
75 85
38 43
61 9
84 84
53 49
6 45
67 51
66 89
2 58
76 16
26 33
38 63
1 30
40 20
45 46
31 21
45 96
17 75
89 14
24 33
12 48
50 43
68 62
14 2
78 61
61 63
78 46
23 56
86 5
90 72
46 93
93 55
59 75
78 90
25 67
32 86
23 77
85 81
3 31
32 0
98 74
58 43
72 4
60 81
11 83
51 3
89 1
90 85
75 75
5 49
46 94
38 74
91 91
X
89 8
59 60
38 81
66 98
50 30
51 64
71 79
81 98
26 4
21 9
43 47
27 87
20 60
12 82
76 72
45 36
40 39
19 96
45 98
48 29
60 73
51 24
11 98
30 25
39 26
21 55
44 28
18 80
0 65
57 14
68 11
63 93
93 21
90 57
90 21
38 89
75 81
23 53
88 44
8 11
80 97
11 58
36 63
85 8
49 85
59 83
77 49
44 79
41 95
90 97
76 83
61 28
60 70
10 42
5 26
37 27
8 6
29 40
20 81
69 26
58 79
26 48
46 49
42 57
33 21
28 23
27 27
71 37
5 39
35 89
16 41
32 19
13 81
36 27
95 23
31 66
6 8
75 57
93 92
6 12
50 50
47 81
78 72
97 87
81 58
35 79
84 25
13 41
88 86
17 41
42 9
96 39
62 28
12 95
95 75
26 44
30 45
7 15
95 83
37 59
97 12
79 4
58 38
43 5
95 92
49 90
59 67
10 69
76 30
21 47
5 25
29 66
22 93
55 72
54 6
93 32
22 85
21 10
32 34
22 70
69 25
53 96
3 71
29 41
24 9
56 48
9 26
56 82
75 29
21 38
35 75
7 75
57 85
51 47
86 22
81 67
48 86
14 96
98 8
55 98
85 54
56 85
61 61
36 60
39 22
66 30
88 93
41 24
7 27
42 43
86 70
81 90
53 38
3 84
61 39
51 18
22 80
12 86
98 69
51 78
64 28
18 3
77 28
53 39
10 65
17 27
10 83
77 20
29 36
71 92
18 92
91 76
75 82
80 4
12 39
26 7
4 9
62 7
2 56
69 51
59 79
64 8
58 55
7 72
48 22
73 18
85 10
68 55
50 56
10 28
98 7
59 56
56 59
44 31
7 53
88 80
47 56
83 5
81 73
42 13
81 72
64 75
68 95
25 61
73 56
X
50 55
79 22
64 80
X
53 83
30 16
43 36
20 21
2 57
55 75
98 65
79 2
63 67
62 36
20 35
74 39
64 65
88 51
95 49
26 27
41 49
39 67
33 27
32 71
97 79
27 73
70 72
77 3
97 55
16 48
31 16
13 85
16 91
70 94
13 18
52 4
90 96
76 41
50 65
28 19
36 70
33 88
52 62
48 33
26 39
88 91
7 41
52 40
52 22
76 65
21 39
24 73
37 46
36 83
31 89
85 76
35 13
15 22
12 9
88 7
66 87
17 25
17 22
3 64
3 26
3 69
65 66
82 39
55 20
53 93
44 70
98 81
84 7
34 20
15 82
71 31
49 74
66 54
95 4
7 56
18 51
24 69
47 57
56 26
1 82
62 66
49 36
17 55
53 58
32 64
97 50
10 98
27 28
14 33
30 20
0 59
53 82
96 1
2 92
32 78
11 23
92 62
53 85
5 53
26 85
6 75
83 78
95 41
30 32
47 13
31 22
91 54
93 12
15 1
55 68
79 7
5 38
84 2
45 13
29 72
20 38
93 38
22 39
49 93
83 60
12 18
7 1
93 36
45 85
50 82
13 34
91 18
79 36
88 67
69 2
36 16
90 38
82 86
63 55
2 82
30 42
14 65
52 20
24 92
23 39
5 35
84 18
93 76
84 86
28 21
55 39
25 75
65 28
32 59
13 20
91 59
75 16
12 12
69 36
32 60
26 8
60 75
88 26
38 91
89 31
79 17
40 14
9 21
17 23
11 45
32 21
31 38
53 20
79 89
91 70
41 43
16 5
88 95
47 58
94 57
87 23
42 94
33 82
20 33
85 61
8 80
28 15
24 98
52 53
53 14
57 80
15 21
29 34
93 33
41 55
24 76
4 0
56 49
87 57
90 75
21 1
81 23
32 47
73 45
9 18
10 97
79 0
4 30
80 5
60 1
82 0
3 34
X
69 47
19 88
17 71
50 76
72 7
31 81
45 78
35 14
79 73
21 65
14 50
61 71
9 15
88 64
49 75
77 43
45 71
47 50
0 14
50 92
9 58
82 94
24 88
87 50
14 85
40 76
30 66
3 9
13 71
47 91
37 89
48 78
3 77
4 11
15 92
4 33
62 24
57 27
15 68
41 79
69 64
28 27
35 95
24 97
8 77
75 86
43 87
11 85
11 93
48 96
0 57
59 27
80 33
54 49
98 63
69 38
49 72
23 55
46 34
42 22
7 66
87 74
57 46
61 41
58 84
85 75
70 96
54 15
12 37
73 70
80 95
59 18
3 80
52 9
63 66
4 73
80 9
52 82
22 81
47 49
63 98
91 66
96 44
93 82
3 85
49 4
55 70
43 96
72 2
38 14
41 68
40 24
61 74
2 77
37 94
46 45
26 6
84 82
70 9
88 92
62 8
43 32
23 40
85 32
20 25
57 71
85 63
44 42
86 4
63 1
8 2
24 40
41 89
18 10
19 45
60 89
27 32
44 38
46 82
89 68
6 87
43 56
60 35
20 44
69 44
62 67
58 78
1 73
72 73
41 2
53 2
91 58
51 65
74 3
31 6
19 72
9 96
75 76
39 73
64 12
63 2
2 19
43 61
48 11
46 30
47 65
23 32
32 25
61 60
58 11
68 91
23 17
59 91
38 27
19 79
59 72
64 46
62 17
66 91
3 98
75 89
5 85
77 84
8 78
54 18
85 34
10 73
32 13
4 81
0 70
21 24
66 90
27 68
10 12
45 42
24 56
84 95
14 94
25 35
41 65
42 20
91 19
66 7
32 94
65 30
69 80
91 68
80 64
9 19
74 43
77 59
84 76
61 72
24 81
47 69
75 62
21 73
40 50
14 92
9 91
74 31
30 53
42 83
61 37
79 63
52 85
24 12
8 38
5 41
15 2
30 21
26 10
28 84
91 22
49 63
71 56
58 67
78 17
50 58
38 50
24 35
88 56
40 95
3 93
45 67
54 27
24 22
53 36
24 55
70 54
1 85
76 61
80 10
9 55
93 88
7 9
18 2
5 6
1 56
73 53
58 17
75 13
92 30
29 22
84 24
73 71
9 38
87 54
96 24
10 90
25 46
89 15
67 30
54 72
76 12
14 62
16 16
35 94
12 79
46 19
39 56
37 76
7 17
62 38
12 71
43 30
27 49
89 69
82 32
51 48
39 52
77 62
68 89
52 75
40 52
93 29
50 88
10 54
54 22
9 86
12 67
19 18
84 91
15 89
39 49
83 62
54 26
47 9
82 50
43 50
2 45
16 54
12 23
90 94
63 92
98 40
63 12
65 11
1 61
66 82
84 98
39 93
48 16
14 76
4 64
19 93
72 38
3 54
73 4
37 23
76 58
48 37
51 96
56 93
12 49
7 14
34 0
45 18
25 69
21 3
8 84
96 63
53 62
21 56
41 44
15 57
69 73
2 29
11 87
5 31
41 82
25 59
97 40
3 89
91 74
12 65
29 29
6 51
57 57
39 59
98 88
60 0
11 12
91 21
28 20
15 4
59 89
58 93
49 15
88 52
10 62
39 48
41 20
21 20
68 77
88 88
9 40
25 88
42 87
60 18
79 32
55 51
15 51
95 55
20 78
44 41
69 48
63 94
47 63
76 25
50 85
18 45
35 48
76 59
77 88
1 66
32 38
70 6
74 54
45 35
26 22
94 20
13 73
10 8
48 35
26 34
44 34
50 39
36 26
15 40
58 33
14 9
38 34
94 16
56 39
92 42
53 42
49 62
21 52
72 64
27 22
1 92
4 83
59 74
31 17
53 75
96 70
34 81
88 81
79 44
68 79
43 22
49 49
81 31
79 29
38 86
45 33
87 14
28 43
81 30
72 18
93 77
59 36
6 29
63 30
97 36
71 29
55 87
64 81
36 80
37 26
32 23
8 46
75 52
73 50
16 25
43 89
45 56
16 18
0 46
23 59
87 31
54 70
59 86
90 50
27 30
24 19
61 49
18 8
12 22
86 87
28 22
85 36
84 50
81 75
29 98
19 22
31 42
40 68
49 29
35 37
81 6
94 93
64 44
47 30
40 84
10 16
39 31
72 39
35 71
88 58
90 74
87 5
25 36
63 65
25 7
52 30
86 64
13 36
57 5
87 11
0 10
2 91
71 1
93 3
57 2
15 95
94 19
31 56
23 24
1 11
58 98
75 94
60 83
67 17
79 34
68 48
78 9
37 56
29 10
53 25
92 64
43 38
27 86
22 63
76 22
70 30
79 93
57 43
72 31
66 47
66 18
47 51
17 81
27 20
64 60
59 55
51 61
39 61
65 31
84 51
80 15
8 36
87 17
98 2
88 65
46 31
2 65
33 37
63 29
42 18
16 78
66 45
58 71
5 29
91 1
43 88
5 7
7 25
56 15
0 45
66 57
9 79
9 17
7 71
7 98
34 55
58 72
94 61
3 57
74 56
96 41
25 62
41 40
87 6
87 37
10 19
14 52
19 11
65 75
9 51
45 50
38 35
42 19
20 3
62 76
29 21
23 76
94 4
71 50
83 32
78 54
29 79
48 97
47 39
6 74
87 96
44 5
86 30
0 53
64 93
71 59
15 28
97 64
9 47
77 61
16 27
14 55
74 17
72 22
60 47
74 37
47 35
25 50
98 79
89 40
56 83
72 10
98 30
20 24
80 66
4 24
21 57
10 29
80 8
34 71
34 18
33 24
34 82
37 57
47 96
62 61
70 83
28 68
22 72
54 14
91 36
38 78
82 89
68 82
95 25
64 56
78 66
19 42
67 21
23 84
87 29
12 30
44 32
50 8
72 85
95 32
57 4
44 6
31 46
61 80
24 91
34 25
31 19
49 66
46 16
12 92
23 44
12 2
45 27
21 97
55 24
53 7
60 63
44 92
52 45
21 4
78 23
90 91
15 7
60 48
36 64
97 20
39 30
4 32
71 9
22 67
37 49
7 6
57 96
19 25
33 86
0 21
30 29
62 73
85 29
55 16
86 73
89 41
25 38
7 55
96 65
41 0
24 30
18 56
91 53
47 89
98 62
69 98
90 36
8 64
36 24
55 80
61 59
74 86
84 10
83 22
26 25
65 47
34 14
72 3
65 80
15 50
21 98
19 21
59 68
52 98
22 59
59 61
57 55
13 38
69 28
54 28
7 21
18 1
83 64
10 57
11 29
15 15
43 74
77 4
3 38
24 43
65 76
24 16
13 72
56 63
39 74
20 63
68 96
69 65
12 56
45 1
95 15
55 10
92 57
77 75
44 17
24 52
85 17
1 12
11 49
48 75
40 5
3 17
9 83
66 24
94 80
6 69
30 33
6 48
18 63
18 53
12 97
61 91
37 50
17 8
76 40
12 66
81 92
76 44
97 1
46 5
64 78
8 31
66 26
58 90
37 13
2 46
21 27
49 19
22 32
78 37
40 90
11 53
4 6
25 11
16 76
91 27
83 18
31 80
84 9
98 4
89 76
47 20
96 64
48 47
28 30
91 51
59 3
16 69
0 12
44 59
87 0
54 78
24 67
45 28
35 11
83 69
55 44
92 27
65 83
85 6
8 37
8 27
17 48
71 93
57 77
30 36
67 32
26 88
36 67
95 42
60 62
7 52
44 21
52 48
49 71
68 28
53 87
48 44
78 87
66 92
54 2
1 88
84 29
90 44
96 38
41 96
5 78
52 38
91 30
23 80
73 52
3 63
40 2
68 39
24 78
28 17
75 55
40 3
61 15
96 15
16 96
69 24
43 9
65 52
63 83
54 13
40 78
21 66
46 54
18 35
48 64
57 65
3 28
58 94
15 85
46 66
79 62
79 40
59 84
58 76
63 54
54 40
69 49
55 15
8 8
54 80
32 26
88 78
62 65
86 81
9 22
45 55
4 52
39 89
81 1
28 3
42 75
76 88
14 57
48 36
83 29
42 49
46 42
51 38
12 87
13 97
75 44
61 81
62 23
7 65
81 19
90 34
55 49
27 5
41 18
75 65
71 44
43 73
79 8
65 19
32 66
15 98
79 46
74 97
5 8
31 98
97 51
98 96
55 34
14 97
58 42
61 25
84 28
36 19
59 73
35 26
18 15
19 20
3 35
56 57
6 59
95 85
60 72
78 28
79 49
74 50
61 90
91 57
24 21
41 74
46 46
74 34
38 95
61 1
49 20
88 25
43 24
66 85
86 88
9 54
69 92
45 53
11 94
98 91
11 16
53 27
30 97
66 32
12 53
84 92
52 63
32 63
90 77
97 86
58 25
40 51
22 8
38 49
19 55
28 61
40 85
12 43
81 53
24 60
63 46
0 52
81 8
48 46
36 85
59 7
37 21
33 25
84 32
26 31
75 59
X
12 78
41 90
90 68
81 11
33 45
78 71
61 70
74 73
42 25
92 31
42 60
93 63
19 51
48 54
8 74
83 24
5 86
62 56
24 15
83 96
52 80
41 54
51 71
16 59
14 79
74 98
26 35
15 58
48 2
79 90
46 32
78 75
23 25
27 69
4 39
46 80
96 62
77 83
83 28
57 47
40 56
60 2
89 67
51 89
47 11
90 41
53 90
60 33
50 78
54 19
63 61
95 44
X
95 3
65 45
85 78
80 58
3 21
96 85
19 60
17 35
56 56
67 10
88 14
38 32
47 27
52 24
20 57
11 37
72 74
23 11
58 9
86 32
14 26
84 64
35 70
77 60
73 39
26 83
46 79
2 63
42 67
5 17
77 14
3 45
94 34
84 52
36 74
71 13
81 28
11 97
7 92
18 0
7 58
56 41
73 80
69 4
58 65
72 53
20 67
33 22
77 86
37 12
83 57
89 25
87 20
54 77
74 61
27 8
52 2
49 77
46 41
69 93
40 35
79 37
45 32
98 13
59 90
52 90
12 83
1 76
64 91
93 53
84 16
56 54
45 61
39 50
79 85
25 39
64 84
9 34
20 9
57 62
66 61
93 67
30 1
37 15
7 16
40 40
66 23
63 24
58 3
63 42
53 81
68 81
70 23
80 82
90 25
60 39
89 80
73 19
46 3
94 15
95 90
26 87
70 97
97 26
86 55
21 34
82 46
88 55
77 76
32 42
97 19
22 5
31 41
80 85
79 12
38 66
25 26
28 29
30 87
84 73
32 70
53 43
76 34
6 96
3 76
32 24
6 4
66 75
72 26
32 20
83 39
63 43
18 14
46 12
91 85
57 41
53 64
35 91
47 46
6 76
97 25
41 88
35 22
49 73
36 25
83 91
22 87
10 35
42 68
8 29
13 12
83 90
6 41
29 49
31 45
56 79
69 96
46 11
38 42
11 90
71 43
23 97
71 63
75 1
38 84
36 65
89 22
20 98
67 58
73 97
86 29
13 50
42 50
73 20
34 85
89 24
X
20 39
18 93
86 40
66 27
28 76
4 31
72 34
22 12
91 71
79 9
65 51
34 58
79 94
74 60
2 72
8 63
86 79
60 57
94 43
81 57
51 80
87 79
76 86
23 23
30 69
59 80
65 4
77 42
49 68
72 88
66 56
62 94
38 45
61 69
58 2
50 90
32 16
46 71
52 49
72 43
8 66
20 17
55 47
4 27
98 93
98 86
79 59
44 77
95 37
3 86
14 11
89 82
62 80
21 91
68 4
32 28
9 66
62 37
15 11
27 53
95 26
66 88
29 55
68 32
12 60
91 75
52 25
32 93
61 84
16 97
92 66
56 53
69 46
45 0
42 59
87 86
11 75
44 29
11 39
23 27
65 88
16 93
90 24
94 32
37 73
39 10
53 68
19 83
78 70
57 83
87 73
91 95
21 78
61 35
40 75
30 52
28 48
36 38
13 93
35 25
77 77
71 78
29 51
14 35
94 79
12 38
48 18
30 24
22 60
79 82
96 13
3 70
24 29
15 19
89 13
22 31
50 87
56 8
62 79
82 97
72 70
50 47
38 25
75 17
34 47
69 21
57 86
63 86
4 4
7 8
25 40
43 68
16 57
98 12
37 61
54 92
1 58
88 77
53 19
25 55
59 46
78 29
35 47
94 68
38 75
86 35
46 7
6 47
53 50
16 15
16 8
55 4
56 71
75 23
92 0
10 13
16 0
49 46
96 53
80 28
51 2
32 22
45 83
46 53
94 2
20 79
72 40
64 71
41 47
45 44
76 42
63 11
27 52
1 94
77 64
34 40
6 63
0 48
63 18
76 70
87 64
43 85
30 85
78 52
67 4
45 21
38 56
37 85
34 92
16 58
17 57
10 11
59 62
91 38
14 53
91 56
26 14
74 46
41 83
7 84
64 77
46 47
16 84
68 12
4 89
23 1
73 38
92 54
7 13
66 46
68 25
81 46
82 55
26 38
35 84
2 60
4 77
4 78
7 87
3 33
46 15
56 46
90 83
81 68
29 73
37 51
7 94
74 20
26 50
49 8
51 54
56 68
75 10
10 9
96 50
80 76
70 36
38 77
26 75
21 19
44 27
17 50
95 10
74 79
89 33
15 6
42 74
21 79
37 95
56 23
72 13
81 50
3 83
16 34
64 76
25 6
55 86
79 30
35 33
84 35
22 19
37 35
45 25
92 44
16 24
38 61
X
67 94
91 55
30 40
77 79
24 37
2 90
67 25
66 36
59 16
56 95
7 86
89 84
45 41
68 22
88 17
98 82
26 55
68 93
4 19
39 46
74 4
31 69
71 65
19 10
41 35
10 70
7 11
19 5
26 82
30 67
39 32
81 29
30 94
45 11
19 14
96 42
15 12
21 68
56 55
13 95
67 98
87 81
82 14
76 38
32 81
42 89
87 4
0 22
43 55
3 67
5 88
60 61
79 1
97 47
41 21
75 60
36 87
5 45
48 57
49 38
40 11
23 82
13 28
39 6
2 26
52 65
53 40
76 62
95 86
16 19
22 62
X
89 58
96 76
12 61
98 94
5 66
19 76
42 47
92 5
78 47
X
39 15
8 26
15 37
27 89
8 65
8 53
62 47
34 72
1 15
56 22
35 36
83 35
67 43
88 11
96 74
16 7
57 78
67 73
82 80
4 59
92 94
74 40
21 71
65 71
82 76
95 29
86 8
70 91
80 96
57 95
33 48
43 35
53 84
49 59
38 55
29 19
47 88
15 55
39 64
16 61
85 91
21 95
95 54
78 60
36 14
35 31
24 54
20 53
84 47
57 45
53 24
25 24
25 85
28 75
82 8
43 25
27 77
19 53
2 33
32 89
7 95
5 68
26 45
75 25
45 63
48 91
77 80
65 46
24 41
17 64
57 22
48 8
27 61
35 46
60 77
48 80
3 11
91 13
87 53
47 53
49 7
82 1
91 26
68 90
55 6
72 1
70 71
31 70
57 53
5 19
90 56
89 64
28 2
42 92
90 43
74 74
70 93
28 45
61 73
86 80
54 73
30 46
30 78
43 81
31 23
32 62
93 68
48 69
77 63
24 18
13 58
52 79
61 94
76 21
67 2
94 36
6 28
98 54
93 93
26 77
31 48
82 24
36 78
30 14
63 79
59 45
6 14
23 81
52 78
95 0
4 74
49 13
54 56
46 17
25 42
35 45
85 85
95 12
37 45
33 7
39 76
7 22
20 52
0 55
17 13
22 14
72 63
76 94
75 0
17 59
62 77
90 54
88 82
86 94
93 23
71 82
86 52
33 89
92 72
88 70
61 24
66 72
36 61
22 1
37 70
74 77
25 70
28 41
37 79
69 61
82 26
24 87
14 90
69 9
84 62
21 70
48 88
93 57
35 93
17 26
62 10
4 5
26 66
37 20
75 54
11 64
44 46
41 86
25 52
14 12
60 55
32 32
80 23
71 46
90 98
85 13
11 62
54 60
31 90
30 23
5 3
56 62
20 43
54 50
73 8
47 76
37 33
24 70
56 6
97 96
27 76
35 20
37 80
11 36
22 10
85 68
63 85
73 96
69 37
79 65
28 44
67 61
95 79
55 83
75 36
45 10
12 58
47 85
62 15
76 43
72 61
28 71
7 36
70 22
18 58
41 7
92 93
86 82
25 34
25 72
5 69
52 50
12 74
56 80
49 80
95 45
4 87
22 96
57 3
65 96
4 44
52 59
23 96
97 10
17 10
72 20
15 0
38 20
68 40
12 68
51 70
81 20
5 84
36 41
22 20
90 23
63 58
36 89
33 50
9 41
53 91
2 53
26 80
84 6
97 68
68 29
60 68
77 65
42 66
89 90
85 55
24 45
22 40
78 50
95 31
48 13
80 91
23 22
17 66
43 2
21 92
4 70
27 70
73 26
48 81
5 58
46 52
18 95
71 14
48 3
83 25
10 25
54 25
47 40
2 87
64 17
80 25
65 72
11 30
11 88
7 91
67 29
78 91
48 87
38 52
57 81
22 74
43 78
2 25
74 45
35 0
74 23
49 86
46 20
83 20
3 22
39 37
55 71
54 16
20 32
2 96
48 62
40 88
81 24
51 41
9 68
36 81
35 59
48 38
68 44
8 51
87 9
7 49
65 53
22 41
11 42
11 70
70 57
90 62
80 13
70 74
94 76
66 51
41 41
58 66
82 38
56 27
12 42
38 94
85 98
59 48
6 38
89 16
26 64
25 49
12 64
6 44
70 29
94 5
89 70
80 86
65 55
44 35
11 19
31 63
1 77
93 51
32 45
52 15
91 46
22 43
79 21
96 86
55 55
47 41
90 16
66 5
6 50
72 33
61 52
2 81
67 48
83 97
47 45
67 47
38 64
26 9
77 90
8 55
2 73
65 32
90 59
36 84
11 57
89 26
39 86
8 23
92 59
32 65
8 87
7 83
97 33
98 44
29 90
95 9
31 82
81 17
10 74
39 80
24 68
56 28
67 44
77 85
76 0
70 42
71 91
63 84
40 83
43 19
47 24
79 55
23 70
98 92
88 46
96 10
4 45
71 54
82 3
64 63
14 27
46 88
85 74
55 90
97 85
87 22
41 76
82 18
41 39
19 17
82 33
80 55
22 11
66 42
3 29
51 58
48 6
29 67
71 75
X
3 49
19 89
70 21
2 54
63 10
78 8
61 64
85 41
96 77
28 86
18 55
92 35
79 92
4 13
81 47
14 83
44 91
9 93
47 62
57 93
55 53
65 44
67 75
30 84
25 17
37 1
24 49
X
87 71
90 15
19 68
38 6
89 75
66 33
34 60
53 69
79 67
78 12
70 89
60 69
82 54
69 40
19 69
29 57
47 64
84 75
3 60
28 13
31 60
94 13
50 33
54 32
27 67
48 15
4 22
55 13
24 61
32 79
10 47
70 98
30 22
77 68
10 72
89 71
2 27
93 6
72 69
55 27
34 68
14 34
39 36
71 35
X
97 62
14 91
15 56
38 97
42 70
73 79
5 91
40 55
29 8
42 23
50 89
22 78
44 39
28 14
29 65
81 7
58 47
63 23
79 33
56 84
41 81
54 3
0 76
85 70
20 74
15 49
86 21
86 85
68 10
95 98
44 30
95 5
85 67
64 1
86 11
29 84
48 93
3 50
20 64
43 33
14 72
34 56
83 12
94 89
36 28
10 89
43 23
14 75
17 74
54 17
5 1
75 7
36 71
16 60
15 3
6 66
92 81
68 71
72 0
8 72
88 49
85 56
23 54
45 7
51 62
36 56
47 33
52 54
34 46
23 12
77 46
87 76
40 15
20 97
54 41
70 66
55 41
54 52
70 38
37 93
40 82
58 63
10 77
16 6
7 50
58 18
62 16
38 17
56 81
81 14
3 82
28 67
78 84
19 15
14 28
95 24
35 69
33 68
13 76
60 90
14 21
52 76
2 9
25 27
47 21
14 15
49 87
45 90
63 77
38 87
69 78
57 82
66 43
52 47
74 83
50 3
65 29
18 41
75 80
58 62
96 19
9 71
82 57
14 86
70 50
21 31
27 29
13 47
39 0
3 81
23 41
60 59
80 56
89 0
82 92
43 72
X
2 30
79 71
22 45
86 2
16 70
19 33
39 66
69 59
25 12
81 9
25 76
64 47
44 62
72 67
65 56
25 89
30 83
70 10
10 76
95 97
81 2
57 11
94 29
12 11
76 13
43 31
22 73
97 83
35 32
7 47
18 44
70 35
17 95
12 85
83 10
34 17
44 15
42 76
22 7
65 7
45 66
56 91
75 78
31 31
87 92
66 64
86 33
62 48
34 62
78 95
42 91
46 56
90 45
35 15
7 60
1 35
26 5
72 65
28 34
31 36
26 11
4 63
66 50
25 81
8 71
67 7
52 17
22 79
74 9
73 63
64 95
70 26
75 63
85 37
38 73
64 27
73 9
83 93
79 3
27 31
55 92
87 56
59 28
95 69
63 80
98 34
94 33
5 0
31 33
75 64
54 51
85 38
55 57
17 52
53 76
70 63
59 24
77 16
87 93
52 95
40 10
26 20
93 15
35 68
93 35
85 31
37 37
51 77
10 45
12 14
54 0
79 86
20 7
97 38
6 83
30 41
29 96
45 92
29 18
14 20
21 41
66 21
55 67
45 80
58 56
22 47
42 84
18 18
95 94
56 20
30 48
47 15
49 82
44 80
73 85
88 71
92 60
0 63
68 83
23 8
37 65
67 96
85 19
82 87
21 33
33 33
7 38
65 89
82 7
25 77
57 63
88 45
59 63
0 64
9 37
75 53
44 36
60 60
83 65
34 78
16 1
73 82
2 38
29 83
55 73
77 73
94 60
42 45
18 60
78 19
4 96
54 45
58 37
57 75
23 18
40 96
23 60
18 13
89 44
76 4
64 2
23 64
8 97
98 87
2 12
74 51
38 36
10 82
38 76
70 59
15 84
X
34 69
6 93
51 72
83 87
22 18
47 95
82 40
16 88
X
82 78
48 82
56 78
9 95
13 98
86 19
13 25
18 91
44 71
34 77
X
22 76
17 65
28 5
X
83 56
34 86
10 23
0 60
47 43
86 76
92 7
81 26
81 22
22 98
22 57
40 89
81 83
77 53
60 74
29 23
13 9
77 35
9 80
74 19
1 45
20 76
69 74
90 58
10 18
12 10
95 91
47 92
73 21
10 46
89 34
28 85
44 57
20 13
93 66
64 7
80 34
45 81
4 82
4 86
91 62
91 77
18 43
35 23
65 6
92 39
94 53
76 14
59 39
26 18
18 25
90 84
98 64
21 64
61 67
81 80
38 65
35 38
47 31
53 44
68 31
95 96
51 53
38 29
38 51
88 34
36 44
77 29
66 48
51 42
51 92
70 52
90 18
60 36
66 93
94 56
69 32
51 49
74 16
89 39
51 91
58 68
9 23
94 72
64 9
37 67
13 70
54 61
4 23
47 32
61 0
11 66
13 17
23 34
15 20
43 91
74 58
83 81
23 19
17 77
34 19
97 58
6 95
96 91
33 15
18 97
4 25
7 82
X
58 23
34 15
12 88
36 92
4 7
78 89
50 11
7 5
53 47
67 23
5 2
76 18
78 32
19 59
8 18
55 78
29 80
98 35
35 65
15 26
56 36
0 72
81 45
87 24
31 37
7 59
2 83
21 85
94 31
18 26
13 8
40 57
93 89
15 5
32 92
11 28
48 42
73 5
65 70
8 76
67 42
2 23
36 69
58 41
87 87
20 19
84 4
20 11
74 89
63 78
46 44
87 83
67 71
6 34
52 7
30 28
6 5
40 69
75 73
43 16
29 3
81 21
20 1
37 31
53 60
27 79
18 79
0 13
14 74
72 44
6 89
92 13
41 15
40 49
6 81
6 80
45 26
23 93
34 11
13 74
49 53
1 59
66 6
30 2
35 9
80 67
88 0
77 12
14 16
6 2
95 63
84 87
97 63
23 15
66 65
47 86
33 43
78 80
18 81
15 59
35 17
22 6
10 26
70 90
4 29
91 82
28 10
83 8
89 97
37 18
64 89
82 52
15 83
39 25
70 81
26 67
89 55
96 51
94 74
65 73
19 81
84 17
53 79
72 29
81 71
39 38
25 25
3 55
39 96
43 48
72 9
13 26
32 75
58 45
58 64
93 14
54 23
78 34
69 20
29 35
67 46
49 76
67 72
62 75
6 77
22 55
84 21
38 22
84 72
46 96
44 10
97 8
88 3
36 20
71 58
22 71
59 29
84 61
71 42
20 82
40 59
34 35
44 95
84 81
92 69
16 13
19 8
61 78
25 90
22 35
24 4
93 4
54 96
54 47
71 94
72 68
69 57
23 78
14 14
92 85
47 77
84 83
37 30
35 72
97 46
0 81
22 66
6 3
94 28
96 3
12 29
27 48
75 61
97 4
65 33
51 27
84 66
51 63
83 47
27 11
46 89
71 55
88 6
80 68
79 68
54 43
48 76
82 9
65 43
66 8
22 2
71 12
X
56 14
33 75
64 6
19 58
72 48
19 95
75 43
53 22
86 23
68 30
83 89
59 47
55 31
64 11
81 60
71 51
6 72
56 45
11 18
4 55
0 9
73 83
36 39
86 59
33 62
54 71
70 14
56 47
54 75
30 6
78 69
10 55
29 71
19 90
8 10
25 5
38 85
90 67
51 81
85 62
16 68
26 98
7 23
79 69
13 49
3 40
16 21
94 35
96 69
68 16
29 20
43 82
77 36
70 62
83 1
76 17
97 7
82 34
47 16
69 62
72 52
6 68
35 74
64 90
70 28
40 7
5 37
78 45
30 34
72 59
63 15
81 18
11 92
57 61
71 48
1 57
69 31
37 63
3 10
70 48
26 58
88 36
34 63
58 10
52 16
65 42
60 27
58 81
92 28
15 9
78 38
57 26
64 29
84 63
69 30
51 22
62 26
66 44
26 54
55 11
56 61
18 12
59 4
47 87
43 65
76 75
29 89
12 4
92 91
91 23
48 52
34 13
17 68
7 54
9 70
6 71
79 45
58 40
4 60
96 55
54 36
35 66
74 93
0 86
35 21
10 48
42 16
81 16
37 25
68 17
13 29
77 15
83 82
1 67
12 8
95 57
79 57
91 0
6 46
13 27
22 48
83 85
35 51
56 1
3 66
23 91
44 8
8 25
68 3
95 74
15 74
24 48
61 17
83 74
96 0
49 44
47 17
23 4
32 40
82 83
34 7
55 0
45 39
43 14
51 6
74 82
98 21
65 95
31 47
72 30
5 14
36 17
95 11
26 97
4 20
45 89
27 57
4 41
64 85
92 33
94 25
46 61
88 33
1 52
18 16
10 66
88 42
14 59
24 71
30 55
92 55
77 66
96 78
43 95
65 34
4 47
78 4
82 81
11 82
68 26
6 10
49 40
39 35
6 82
97 41
91 40
82 84
7 35
82 49
83 33
42 6
40 6
81 74
72 37
43 84
9 87
64 18
78 94
63 53
20 92
56 86
11 41
25 82
42 61
94 38
47 23
8 21
79 28
87 16
81 93
75 9
3 92
66 84
58 24
55 7
23 71
48 66
65 63
82 79
1 18
44 97
82 98
79 58
21 63
29 9
49 34
28 1
44 9
72 86
45 88
21 23
77 78
49 56
52 10
49 89
94 39
32 49
74 7
34 52
52 61
45 17
31 34
X
16 98
72 25
2 70
11 76
57 24
37 58
32 15
42 58
59 93
44 61
63 44
26 46
10 3
44 13
76 50
73 30
83 38
13 77
X
52 18
X
94 55
X
5 51
X
8 12
23 90
41 38
X
X
71 32
86 18
42 36
71 52
X
28 83
69 22
64 59
15 10
35 39
X
X
78 14
13 86
X
X
98 71
24 59
39 82
41 75
X
X
X
X
X
56 42
27 98
36 30
X
X
X
65 69
59 71
64 72
58 54
69 72
22 44
51 50
1 64
X
60 86
10 37
13 87
94 37
89 62
X
43 62
89 53
91 16
X
36 62
5 20
24 84
X
X
X
67 26
20 41
11 72
33 64
5 87
X
X
27 64
X
X
33 17
X
X
X
X
50 62
43 59
X
X
94 46
X
87 38
X
48 50
41 10
X
11 22
X
X
X
48 56
32 2
X
X
X
X
X
X
X
92 22
X
38 58
X
54 58
36 49
X
10 84
79 84
36 50
X
59 40
X
93 91
X
X
21 17
X
85 16
28 72
X
X
X
59 38
X
44 37
X
14 18
64 96
91 98
X
1 27
X
X
X
17 6
24 53
X
63 75
78 82
X
37 77
X
77 69
77 47
52 51
X
X
X
77 51
X
X
X
75 46
X
67 77
36 88
43 94
25 84
X
77 91
31 71
23 75
X
5 33
24 6
5 61
X
X
98 51
X
34 95
39 53
33 18
X
X
94 44
X
80 54
24 36
63 25
X
94 59
26 41
X
X
X
3 30
1 72
85 52
X
72 47
13 14
69 83
X
X
X
X
X
X
83 95
X
95 65
18 62
17 7
44 50
56 87
90 65
96 45
X
45 43
X
X
85 80
X
90 0
40 60
X
X
56 94
56 9
X
79 5
52 73
X
X
59 66
13 61
86 41
34 41
X
X
56 69
X
31 39
67 41
76 93
X
72 89
80 47
X
X
66 40
68 24
X
45 24
13 59
73 43
91 63
84 78
18 71
X
18 19
35 10
17 16
35 63
X
19 80
49 14
51 34
X
X
X
10 93
X
X
18 27
X
8 96
59 96
76 66
X
X
X
X
91 20
51 51
X
3 32
X
44 58
X
53 18
5 55
X
41 92
X
69 53
X
X
X
84 1
47 70
38 33
X
53 61
X
85 51
8 41
X
X
X
X
37 36
61 47
42 78
53 80
X
27 14
77 89
X
68 42
X
X
X
X
22 13
X
28 58
20 73
X
X
39 45
11 54
4 76
54 90
97 43
33 87
73 16
65 49
28 80
X
X
43 1
X
X
32 31
67 45
X
70 31
1 48
X
X
X
X
58 7
X
21 72
44 54
X
87 52
X
X
68 98
X
X
57 23
X
X
X
X
94 92
X
12 6
69 90
64 49
93 69
75 21
7 4
X
29 42
X
X
93 27
71 70
77 45
44 48
58 21
86 53
81 86
43 53
X
X
65 62
17 5
30 86
X
X
13 16
29 4
39 57
78 79
X
32 41
X
62 93
53 65
47 52
95 70
X
21 21
22 95
94 27
97 59
8 50
28 42
X
79 61
45 40
X
X
87 49
25 53
80 45
29 37
96 57
X
19 73
86 42
X
65 48
10 21
88 53
X
58 4
14 88
76 23
60 85
79 14
10 68
20 62
17 17
87 44
X
75 33
X
0 95
70 95
X
46 33
X
X
21 2
0 50
27 90
X
X
24 94
20 72
X
77 17
X
74 64
X
35 92
X
29 75
2 0
80 1
X
78 31
X
31 94
49 12
98 78
15 77
20 42
X
37 92
X
46 64
70 20
37 87
X
22 30
X
57 51
81 96
X
X
35 62
X
87 35
55 79
X
27 41
23 35
18 75
83 61
X
X
81 66
75 72
17 20
20 27
X
X
36 52
45 82
X
70 46
88 2
X
95 77
X
31 32
X
77 13
X
X
30 43
50 48
62 25
65 17
38 1
27 82
24 26
87 46
33 38
X
24 95
3 27
X
61 89
52 6
41 57
X
X
X
X
X
25 30
56 52
X
47 6
26 12
X
67 81
49 57
X
76 28
X
X
29 50
80 92
7 80
74 21
28 78
34 88
X
97 92
X
15 96
17 40
X
X
X
X
X
74 22
41 48
X
48 31
4 51
77 67
87 43
8 57
5 74
X
X
X
X
15 53
0 69
X
X
X
28 49
15 27
97 57
X
54 83
96 36
61 29
X
0 15
X
45 37
X
50 7
56 33
X
94 83
11 69
63 76
18 59
X
51 4
82 73
28 57
28 50
X
95 47
X
27 21
55 85
39 17
12 1
X
1 19
20 70
27 78
X
X
X
77 24
36 72
63 38
17 14
1 68
61 65
3 12
30 26
X
X
X
X
18 65
X
X
X
X
83 40
X
X
X
79 75
79 87
60 29
X
27 91
X
61 77
X
X
37 66
X
57 73
X
X
X
88 5
62 88
38 0
X
31 57
52 21
53 17
11 8
X
X
32 3
X
40 25
38 31
X
X
79 15
94 77
X
22 69
24 75
63 35
74 53
X
X
87 3
73 86
17 84
80 65
X
X
X
27 34
X
90 76
X
4 69
67 39
7 2
39 21
X
X
51 25
X
82 31
X
15 91
X
60 71
63 7
94 70
76 71
31 93
54 21
16 81
X
79 10
88 28
X
X
1 97
81 85
13 40
9 67
X
70 32
38 68
6 85
56 29
X
27 74
X
71 34
11 86
61 53
91 44
2 59
58 85
X
X
8 93
26 73
93 78
85 20
X
73 95
X
X
42 24
X
55 19
90 26
X
19 71
31 25
30 30
X
X
92 92
50 67
4 49
42 10
22 42
X
20 58
X
54 38
59 92
X
13 33
X
62 51
X
96 32
X
X
4 50
8 40
16 92
48 45
X
23 2
X
X
X
10 32
X
X
74 87
27 60
X
73 59
X
X
X
X
29 81
14 69
X
66 66
17 96
X
90 51
X
54 63
X
65 65
X
X
46 18
X
X
X
X
X
X
X
78 15
76 24
X
X
4 71
X
84 65
X
0 68
X
X
29 97
X
23 47
98 68
9 60
53 59
8 49
90 70
85 25
47 59
X
X
X
88 41
19 57
13 23
X
X
X
66 37
47 28
X
50 72
83 86
33 66
4 3
X
61 26
8 91
X
X
28 74
67 22
X
X
60 56
X
X
30 15
48 85
31 92
60 53
X
X
12 25
80 22
X
X
X
58 57
X
52 56
X
X
X
39 11
11 91
31 86
5 97
86 54
17 91
X
34 65
26 78
31 26
X
X
X
0 98
11 61
X
X
X
X
90 63
33 11
27 39
76 87
36 73
X
X
X
61 36
X
X
X
X
12 46
85 35
84 79
X
27 58
58 80
X
X
36 45
X
X
X
X
30 39
65 90
66 34
8 47
81 25
X
X
53 28
53 74
90 46
4 94
82 25
X
65 8
X
X
X
6 21
55 46
70 80
68 80
42 95
57 90
71 7
12 7
48 77
54 1
X
X
10 17
X
39 68
55 88
X
55 82
5 90
X
X
87 85
X
23 72
X
X
X
X
X
X
26 28
X
26 76
X
40 9
X
X
X
80 30
X
27 83
30 98
X
X
87 80
95 78
57 33
82 74
50 79
X
X
56 31
5 10
X
40 12
X
44 96
X
92 70
X
15 71
X
76 78
X
91 92
X
6 40
X
39 51
X
X
6 94
X
96 49
X
X
23 37
X
X
X
83 94
42 7
11 33
X
18 5
X
52 91
77 56
82 20
6 42
X
43 28
23 7
77 21
55 5
X
98 31
58 26
X
91 4
66 83
14 7
X
96 89
17 54
X
36 86
80 93
2 49
X
X
83 67
X
86 3
30 37
X
X
X
X
X
X
39 97
X
X
X
21 29
70 8
6 90
18 28
X
43 37
62 9
X
97 67
7 7
40 23
X
11 56
47 60
6 98
98 50
67 74
X
69 68
X
X
X
75 30
X
57 34
52 60
X
61 85
95 64
54 86
X
X
X
X
35 49
X
X
X
86 37
6 84
95 39
44 90
X
X
67 70
X
X
X
X
13 79
41 67
67 63
6 26
X
52 52
X
X
14 19
2 86
15 64
X
21 28
X
11 59
7 10
X
44 60
X
31 2
10 67
X
83 26
21 94
28 91
X
X
X
96 26
55 32
39 44
46 21
X
86 83
X
X
72 72
91 34
53 45
67 57
X
X
X
88 83
38 37
X
87 7
X
X
74 8
95 14
9 25
29 68
42 63
75 91
X
15 34
X
X
20 14
70 44
X
X
76 53
X
48 60
75 51
40 77
90 17
78 35
8 30
20 55
96 11
69 55
13 89
74 92
73 35
X
35 19
33 26
51 86
82 48
81 48
47 7
X
67 55
39 90
42 5
